0.000000000000000000e+00 2.265389224519540790e+02 3.058988877477633537e+02 8.365814603906776483e+02 8.512304809370252769e+02 1.321135332276289546e+03 1.680482286353769496e+03 1.871172503960426411e+03 1.971730122697636716e+03 2.215355727896479948e+03 2.559133495173767187e+03 3.679214380194302521e+03 3.890223313903486087e+03 4.114874831087734492e+03 4.354504471237309190e+03 4.478682681855465489e+03 5.043351864937500068e+03 5.949184217188187176e+03 6.355554624467997201e+03 6.578864476815509988e+03 6.820628478990055555e+03 6.879055678585768874e+03 7.023853536804932446e+03 7.221848558276395124e+03 9.147842387593007516e+03 9.398133323061048941e+03 9.420719768193321215e+03 9.965394856491839164e+03 1.110460115580838283e+04 1.127308098140436232e+04 1.269053559743525875e+04 1.308530731807323355e+04 1.319755389590430059e+04 1.349009701826327546e+04 1.365774911072094255e+04 1.372732334865884150e+04 1.386978023370918891e+04 1.447179242450488164e+04 1.447427423397052371e+04 1.473990629129954868e+04 1.512433263398599047e+04 1.523065193791523961e+04 1.533190956981268209e+04 1.562762632078544266e+04 1.563573170048597422e+04 1.589839872561105767e+04 1.595006052578883464e+04 1.601563627700411053e+04 1.635941361894028705e+04 1.680409325422247275e+04 1.737401390957594413e+04 1.818476118875395332e+04 1.868353082243637255e+04 1.876289458137415932e+04 1.896841296193352900e+04 1.947107515265517213e+04 1.965907183929632447e+04 2.043628783694026788e+04 2.075010293916341107e+04 2.115902287234581308e+04 2.132057939975701811e+04 2.170196977005624285e+04 2.191856333527605238e+04 2.200266533597996749e+04 2.271227782375319293e+04 2.276466917061787899e+04 2.294067461367802753e+04 2.330979610247501114e+04 2.341470940908438570e+04 2.350233687054440088e+04 2.395535416749083743e+04 2.410744548872603264e+04 2.416117280720464987e+04 2.424169684923084787e+04 2.543363053463952747e+04 2.590545631215997491e+04 2.599648487864469280e+04 2.656173176588607384e+04 2.685920233780018680e+04 2.750031351634074235e+04 2.772304764713576515e+04 2.784332852471934530e+04 2.829706893931323430e+04 2.863140237615054139e+04 2.929399925934813291e+04 2.937800489540369381e+04 2.956414689769508914e+04 3.082990392139690448e+04 3.178843566761158945e+04 3.197291818743783006e+04 3.204680913838401830e+04 3.208152308282402009e+04 3.307052531537047616e+04 3.313172593949634029e+04 3.316830154117895290e+04 3.589013881730135472e+04 3.695533466611182666e+04 3.723627212349250476e+04 3.741824168301758618e+04 3.750710549231602636e+04 3.770820445281807042e+04 3.795537317119475483e+04 3.800052694756640994e+04 3.820881101940001099e+04 3.831931314763955015e+04 3.837727062748451863e+04 3.842716569586448895e+04 3.858278169974955381e+04 3.872147997195636708e+04 3.896072867070175562e+04 3.939062289010587847e+04 3.940087153205530194e+04 3.947241904539845564e+04 3.998479203842417337e+04 4.069167441033956857e+04 4.075416757449547003e+04 4.164123347012847807e+04 4.198923272423408343e+04 4.215221657243846130e+04 4.237932616310848971e+04 4.323208493220433593e+04 4.495222180265017960e+04 4.590121281073513819e+04 4.606727678849473887e+04 4.627071298720073537e+04 4.664070310990612052e+04 4.799681298459001118e+04 4.860236019998198753e+04 4.865904239805899124e+04 4.916165286980330711e+04 4.923761644407897256e+04 4.924030212156601920e+04 4.940555112456319330e+04 4.949458784886689682e+04 4.953787870112548990e+04
2.265389224519540790e+02 0.000000000000000000e+00 7.935996529580927472e+01 6.100425379387235125e+02 6.246915584850711411e+02 1.094596409824335296e+03 1.453943363901815246e+03 1.644633581508472162e+03 1.745191200245682467e+03 1.988816805444525926e+03 2.332594572721813165e+03 3.452675457742348499e+03 3.663684391451532065e+03 3.888335908635780470e+03 4.127965548785355168e+03 4.252143759403511467e+03 4.816812942485546046e+03 5.722645294736233154e+03 6.129015702016043178e+03 6.352325554363555966e+03 6.594089556538101533e+03 6.652516756133814852e+03 6.797314614352978424e+03 6.995309635824441102e+03 8.921303465141054403e+03 9.171594400609095828e+03 9.194180845741368103e+03 9.738855934039886051e+03 1.087806223335642972e+04 1.104654205895240921e+04 1.246399667498330564e+04 1.285876839562128043e+04 1.297101497345234748e+04 1.326355809581132235e+04 1.343121018826898944e+04 1.350078442620688838e+04 1.364324131125723579e+04 1.424525350205292852e+04 1.424773531151857060e+04 1.451336736884759557e+04 1.489779371153403736e+04 1.500411301546328650e+04 1.510537064736072898e+04 1.540108739833348955e+04 1.540919277803402110e+04 1.567185980315910456e+04 1.572352160333688153e+04 1.578909735455215741e+04 1.613287469648833394e+04 1.657755433177051600e+04 1.714747498712398738e+04 1.795822226630199657e+04 1.845699189998441580e+04 1.853635565892220257e+04 1.874187403948157225e+04 1.924453623020321538e+04 1.943253291684436772e+04 2.020974891448831113e+04 2.052356401671145431e+04 2.093248394989385633e+04 2.109404047730506136e+04 2.147543084760428610e+04 2.169202441282409563e+04 2.177612641352801074e+04 2.248573890130123618e+04 2.253813024816592224e+04 2.271413569122607078e+04 2.308325718002305439e+04 2.318817048663242895e+04 2.327579794809244413e+04 2.372881524503888068e+04 2.388090656627407589e+04 2.393463388475269312e+04 2.401515792677889112e+04 2.520709161218757072e+04 2.567891738970801816e+04 2.576994595619273605e+04 2.633519284343411709e+04 2.663266341534823005e+04 2.727377459388878560e+04 2.749650872468380840e+04 2.761678960226738855e+04 2.807053001686127755e+04 2.840486345369858464e+04 2.906746033689617616e+04 2.915146597295173706e+04 2.933760797524313239e+04 3.060336499894494773e+04 3.156189674515963270e+04 3.174637926498587331e+04 3.182027021593206155e+04 3.185498416037206334e+04 3.284398639291852305e+04 3.290518701704438718e+04 3.294176261872699979e+04 3.566359989484940161e+04 3.672879574365987355e+04 3.700973320104055165e+04 3.719170276056563307e+04 3.728056656986407324e+04 3.748166553036611731e+04 3.772883424874280172e+04 3.777398802511445683e+04 3.798227209694805788e+04 3.809277422518759704e+04 3.815073170503256551e+04 3.820062677341253584e+04 3.835624277729760070e+04 3.849494104950441397e+04 3.873418974824980251e+04 3.916408396765392536e+04 3.917433260960334883e+04 3.924588012294650252e+04 3.975825311597222026e+04 4.046513548788761545e+04 4.052762865204351692e+04 4.141469454767652496e+04 4.176269380178213032e+04 4.192567764998650819e+04 4.215278724065653660e+04 4.300554600975238282e+04 4.472568288019822648e+04 4.567467388828318508e+04 4.584073786604278575e+04 4.604417406474878226e+04 4.641416418745416740e+04 4.777027406213805807e+04 4.837582127753003442e+04 4.843250347560703813e+04 4.893511394735135400e+04 4.901107752162701945e+04 4.901376319911406608e+04 4.917901220211124019e+04 4.926804892641494371e+04 4.931133977867353678e+04
3.058988877477633537e+02 7.935996529580927472e+01 0.000000000000000000e+00 5.306825726429142378e+02 5.453315931892618664e+02 1.015236444528526135e+03 1.374583398606006085e+03 1.565273616212663001e+03 1.665831234949873306e+03 1.909456840148716765e+03 2.253234607426004004e+03 3.373315492446539338e+03 3.584324426155722904e+03 3.808975943339971309e+03 4.048605583489546007e+03 4.172783794107702306e+03 4.737452977189736885e+03 5.643285329440423993e+03 6.049655736720234017e+03 6.272965589067746805e+03 6.514729591242292372e+03 6.573156790838005691e+03 6.717954649057169263e+03 6.915949670528631941e+03 8.841943499845245242e+03 9.092234435313286667e+03 9.114820880445557123e+03 9.659495968744075071e+03 1.079870226806062055e+04 1.096718209365660005e+04 1.238463670968749648e+04 1.277940843032547127e+04 1.289165500815653650e+04 1.318419813051551318e+04 1.335185022297317846e+04 1.342142446091107922e+04 1.356388134596142481e+04 1.416589353675711754e+04 1.416837534622276144e+04 1.443400740355178641e+04 1.481843374623822820e+04 1.492475305016747734e+04 1.502601068206491982e+04 1.532172743303767857e+04 1.532983281273821194e+04 1.559249983786329540e+04 1.564416163804107055e+04 1.570973738925634825e+04 1.605351473119252478e+04 1.649819436647470866e+04 1.706811502182818003e+04 1.787886230100618923e+04 1.837763193468860845e+04 1.845699569362639522e+04 1.866251407418576491e+04 1.916517626490740804e+04 1.935317295154856038e+04 2.013038894919250379e+04 2.044420405141564697e+04 2.085312398459804899e+04 2.101468051200925402e+04 2.139607088230847876e+04 2.161266444752828829e+04 2.169676644823220340e+04 2.240637893600542884e+04 2.245877028287011490e+04 2.263477572593026343e+04 2.300389721472724705e+04 2.310881052133662160e+04 2.319643798279663679e+04 2.364945527974307333e+04 2.380154660097826854e+04 2.385527391945688578e+04 2.393579796148308378e+04 2.512773164689176338e+04 2.559955742441221082e+04 2.569058599089692871e+04 2.625583287813830975e+04 2.655330345005242270e+04 2.719441462859297826e+04 2.741714875938800105e+04 2.753742963697158120e+04 2.799117005156547020e+04 2.832550348840277729e+04 2.898810037160036882e+04 2.907210600765592972e+04 2.925824800994732504e+04 3.052400503364914039e+04 3.148253677986382536e+04 3.166701929969006596e+04 3.174091025063625420e+04 3.177562419507625600e+04 3.276462642762271571e+04 3.282582705174857983e+04 3.286240265343119245e+04 3.558423992955359427e+04 3.664943577836406621e+04 3.693037323574474431e+04 3.711234279526982573e+04 3.720120660456826590e+04 3.740230556507030997e+04 3.764947428344699438e+04 3.769462805981864949e+04 3.790291213165225054e+04 3.801341425989178970e+04 3.807137173973675817e+04 3.812126680811672850e+04 3.827688281200179335e+04 3.841558108420860663e+04 3.865482978295399516e+04 3.908472400235811801e+04 3.909497264430754149e+04 3.916652015765069518e+04 3.967889315067641292e+04 4.038577552259180811e+04 4.044826868674770958e+04 4.133533458238071762e+04 4.168333383648632298e+04 4.184631768469070084e+04 4.207342727536072925e+04 4.292618604445657547e+04 4.464632291490241914e+04 4.559531392298737774e+04 4.576137790074697841e+04 4.596481409945297492e+04 4.633480422215836006e+04 4.769091409684225073e+04 4.829646131223422708e+04 4.835314351031123078e+04 4.885575398205554666e+04 4.893171755633121211e+04 4.893440323381825874e+04 4.909965223681543284e+04 4.918868896111913637e+04 4.923197981337772944e+04
8.365814603906776483e+02 6.100425379387235125e+02 5.306825726429142378e+02 0.000000000000000000e+00 1.464902054634762862e+01 4.845538718856118976e+02 8.439008259630918474e+02 1.034591043569748763e+03 1.135148662306959068e+03 1.378774267505802527e+03 1.722552034783089766e+03 2.842632919803625100e+03 3.053641853512808666e+03 3.278293370697057071e+03 3.517923010846631769e+03 3.642101221464788068e+03 4.206770404546822647e+03 5.112602756797509755e+03 5.518973164077319780e+03 5.742283016424832567e+03 5.984047018599378134e+03 6.042474218195091453e+03 6.187272076414255025e+03 6.385267097885717703e+03 8.311260927202329185e+03 8.561551862670370610e+03 8.584138307802644704e+03 9.128813396101162652e+03 1.026801969541770450e+04 1.043649952101368399e+04 1.185395413704458042e+04 1.224872585768255522e+04 1.236097243551362408e+04 1.265351555787259713e+04 1.282116765033026604e+04 1.289074188826816317e+04 1.303319877331851239e+04 1.363521096411420513e+04 1.363769277357984538e+04 1.390332483090887035e+04 1.428775117359531214e+04 1.439407047752456128e+04 1.449532810942200376e+04 1.479104486039476615e+04 1.479915024009529589e+04 1.506181726522037934e+04 1.511347906539815813e+04 1.517905481661343219e+04 1.552283215854960872e+04 1.596751179383179260e+04 1.653743244918526398e+04 1.734817972836327317e+04 1.784694936204569240e+04 1.792631312098347917e+04 1.813183150154284886e+04 1.863449369226449198e+04 1.882249037890564432e+04 1.959970637654958773e+04 1.991352147877273092e+04 2.032244141195513293e+04 2.048399793936633796e+04 2.086538830966556270e+04 2.108198187488537224e+04 2.116608387558928735e+04 2.187569636336251278e+04 2.192808771022719884e+04 2.210409315328734738e+04 2.247321464208433099e+04 2.257812794869370555e+04 2.266575541015372073e+04 2.311877270710015728e+04 2.327086402833535249e+04 2.332459134681396972e+04 2.340511538884016772e+04 2.459704907424884732e+04 2.506887485176929476e+04 2.515990341825401265e+04 2.572515030549539370e+04 2.602262087740950665e+04 2.666373205595006220e+04 2.688646618674508500e+04 2.700674706432866515e+04 2.746048747892255415e+04 2.779482091575986124e+04 2.845741779895745276e+04 2.854142343501301366e+04 2.872756543730440899e+04 2.999332246100622433e+04 3.095185420722090930e+04 3.113633672704714991e+04 3.121022767799333815e+04 3.124494162243333994e+04 3.223394385497979965e+04 3.229514447910566378e+04 3.233172008078827639e+04 3.505355735691067821e+04 3.611875320572115015e+04 3.639969066310182825e+04 3.658166022262690967e+04 3.667052403192534985e+04 3.687162299242739391e+04 3.711879171080407832e+04 3.716394548717573343e+04 3.737222955900933448e+04 3.748273168724887364e+04 3.754068916709384212e+04 3.759058423547381244e+04 3.774620023935887730e+04 3.788489851156569057e+04 3.812414721031107911e+04 3.855404142971520196e+04 3.856429007166462543e+04 3.863583758500777913e+04 3.914821057803349686e+04 3.985509294994889206e+04 3.991758611410479352e+04 4.080465200973780156e+04 4.115265126384340692e+04 4.131563511204778479e+04 4.154274470271781320e+04 4.239550347181365942e+04 4.411564034225950309e+04 4.506463135034446168e+04 4.523069532810406236e+04 4.543413152681005886e+04 4.580412164951544401e+04 4.716023152419933467e+04 4.776577873959131102e+04 4.782246093766831473e+04 4.832507140941263060e+04 4.840103498368829605e+04 4.840372066117534268e+04 4.856896966417251679e+04 4.865800638847622031e+04 4.870129724073481339e+04
8.512304809370252769e+02 6.246915584850711411e+02 5.453315931892618664e+02 1.464902054634762862e+01 0.000000000000000000e+00 4.699048513392642690e+02 8.292518054167442187e+02 1.019942023023401134e+03 1.120499641760611439e+03 1.364125246959454898e+03 1.707903014236742138e+03 2.827983899257277699e+03 3.038992832966460810e+03 3.263644350150709215e+03 3.503273990300283913e+03 3.627452200918440212e+03 4.192121384000474791e+03 5.097953736251161899e+03 5.504324143530971924e+03 5.727633995878484711e+03 5.969397998053030278e+03 6.027825197648743597e+03 6.172623055867907169e+03 6.370618077339369847e+03 8.296611906655982239e+03 8.546902842124023664e+03 8.569489287256295938e+03 9.114164375554813887e+03 1.025337067487135755e+04 1.042185050046733704e+04 1.183930511649823347e+04 1.223407683713620827e+04 1.234632341496727531e+04 1.263886653732625018e+04 1.280651862978391728e+04 1.287609286772181622e+04 1.301854975277216363e+04 1.362056194356785636e+04 1.362304375303349843e+04 1.388867581036252341e+04 1.427310215304896519e+04 1.437942145697821434e+04 1.448067908887565682e+04 1.477639583984841738e+04 1.478450121954894894e+04 1.504716824467403239e+04 1.509883004485180936e+04 1.516440579606708525e+04 1.550818313800326177e+04 1.595286277328544566e+04 1.652278342863891885e+04 1.733353070781692804e+04 1.783230034149934727e+04 1.791166410043713404e+04 1.811718248099650373e+04 1.861984467171814686e+04 1.880784135835929919e+04 1.958505735600324260e+04 1.989887245822638579e+04 2.030779239140878781e+04 2.046934891881999283e+04 2.085073928911921757e+04 2.106733285433902711e+04 2.115143485504294222e+04 2.186104734281616766e+04 2.191343868968085371e+04 2.208944413274100225e+04 2.245856562153798586e+04 2.256347892814736042e+04 2.265110638960737560e+04 2.310412368655381215e+04 2.325621500778900736e+04 2.330994232626762459e+04 2.339046636829382260e+04 2.458240005370250219e+04 2.505422583122294964e+04 2.514525439770766752e+04 2.571050128494904857e+04 2.600797185686316152e+04 2.664908303540371708e+04 2.687181716619873987e+04 2.699209804378232002e+04 2.744583845837620902e+04 2.778017189521351611e+04 2.844276877841110763e+04 2.852677441446666853e+04 2.871291641675806386e+04 2.997867344045987920e+04 3.093720518667456417e+04 3.112168770650080478e+04 3.119557865744699302e+04 3.123029260188699482e+04 3.221929483443345453e+04 3.228049545855931865e+04 3.231707106024193126e+04 3.503890833636432944e+04 3.610410418517480139e+04 3.638504164255547948e+04 3.656701120208056091e+04 3.665587501137900108e+04 3.685697397188104514e+04 3.710414269025772956e+04 3.714929646662938467e+04 3.735758053846298571e+04 3.746808266670252488e+04 3.752604014654749335e+04 3.757593521492746368e+04 3.773155121881252853e+04 3.787024949101934180e+04 3.810949818976473034e+04 3.853939240916885319e+04 3.854964105111827666e+04 3.862118856446143036e+04 3.913356155748714809e+04 3.984044392940254329e+04 3.990293709355844476e+04 4.079000298919145280e+04 4.113800224329705816e+04 4.130098609150143602e+04 4.152809568217146443e+04 4.238085445126731065e+04 4.410099132171315432e+04 4.504998232979811291e+04 4.521604630755771359e+04 4.541948250626371009e+04 4.578947262896909524e+04 4.714558250365298591e+04 4.775112971904496226e+04 4.780781191712196596e+04 4.831042238886628184e+04 4.838638596314194729e+04 4.838907164062899392e+04 4.855432064362616802e+04 4.864335736792987154e+04 4.868664822018846462e+04
1.321135332276289546e+03 1.094596409824335296e+03 1.015236444528526135e+03 4.845538718856118976e+02 4.699048513392642690e+02 0.000000000000000000e+00 3.593469540774799498e+02 5.500371716841368652e+02 6.505947904213471702e+02 8.942203956201906294e+02 1.237998162897477869e+03 2.358079047918013202e+03 2.569087981627196768e+03 2.793739498811445173e+03 3.033369138961019871e+03 3.157547349579176171e+03 3.722216532661210749e+03 4.628048884911897403e+03 5.034419292191707427e+03 5.257729144539220215e+03 5.499493146713766691e+03 5.557920346309480010e+03 5.702718204528642673e+03 5.900713226000105351e+03 7.826707055316717742e+03 8.076997990784759168e+03 8.099584435917031442e+03 8.644259524215549391e+03 9.783465823532093054e+03 9.951945649128072546e+03 1.136940026515896898e+04 1.176417198579694377e+04 1.187641856362801082e+04 1.216896168598698569e+04 1.233661377844465278e+04 1.240618801638255172e+04 1.254864490143289913e+04 1.315065709222859186e+04 1.315313890169423394e+04 1.341877095902325891e+04 1.380319730170970070e+04 1.390951660563894984e+04 1.401077423753639232e+04 1.430649098850915288e+04 1.431459636820968444e+04 1.457726339333476790e+04 1.462892519351254487e+04 1.469450094472782075e+04 1.503827828666399728e+04 1.548295792194618116e+04 1.605287857729965253e+04 1.686362585647766173e+04 1.736239549016008095e+04 1.744175924909786772e+04 1.764727762965723741e+04 1.814993982037888054e+04 1.833793650702003288e+04 1.911515250466397629e+04 1.942896760688711947e+04 1.983788754006952149e+04 1.999944406748072652e+04 2.038083443777995126e+04 2.059742800299976079e+04 2.068153000370367590e+04 2.139114249147690134e+04 2.144353383834158740e+04 2.161953928140173593e+04 2.198866077019871955e+04 2.209357407680809411e+04 2.218120153826810929e+04 2.263421883521454583e+04 2.278631015644974104e+04 2.284003747492835828e+04 2.292056151695455628e+04 2.411249520236323588e+04 2.458432097988368332e+04 2.467534954636840121e+04 2.524059643360978225e+04 2.553806700552389520e+04 2.617917818406445076e+04 2.640191231485947355e+04 2.652219319244305370e+04 2.697593360703694270e+04 2.731026704387424979e+04 2.797286392707184132e+04 2.805686956312740222e+04 2.824301156541879755e+04 2.950876858912061289e+04 3.046730033533529786e+04 3.065178285516153846e+04 3.072567380610772670e+04 3.076038775054772850e+04 3.174938998309418821e+04 3.181059060722005233e+04 3.184716620890266495e+04 3.456900348502506677e+04 3.563419933383553871e+04 3.591513679121621681e+04 3.609710635074129823e+04 3.618597016003973840e+04 3.638706912054178247e+04 3.663423783891846688e+04 3.667939161529012199e+04 3.688767568712372304e+04 3.699817781536326220e+04 3.705613529520823067e+04 3.710603036358820100e+04 3.726164636747326585e+04 3.740034463968007913e+04 3.763959333842546766e+04 3.806948755782959051e+04 3.807973619977901399e+04 3.815128371312216768e+04 3.866365670614788542e+04 3.937053907806328061e+04 3.943303224221918208e+04 4.032009813785219012e+04 4.066809739195779548e+04 4.083108124016217334e+04 4.105819083083220175e+04 4.191094959992804797e+04 4.363108647037389164e+04 4.458007747845885024e+04 4.474614145621845091e+04 4.494957765492444742e+04 4.531956777762983256e+04 4.667567765231372323e+04 4.728122486770569958e+04 4.733790706578270328e+04 4.784051753752701916e+04 4.791648111180268461e+04 4.791916678928973124e+04 4.808441579228690534e+04 4.817345251659060887e+04 4.821674336884920194e+04
1.680482286353769496e+03 1.453943363901815246e+03 1.374583398606006085e+03 8.439008259630918474e+02 8.292518054167442187e+02 3.593469540774799498e+02 0.000000000000000000e+00 1.906902176066569155e+02 2.912478363438672204e+02 5.348734415427106796e+02 8.786512088199979189e+02 1.998732093840533253e+03 2.209741027549716819e+03 2.434392544733965224e+03 2.674022184883539921e+03 2.798200395501696221e+03 3.362869578583730799e+03 4.268701930834417908e+03 4.675072338114227932e+03 4.898382190461740720e+03 5.140146192636286287e+03 5.198573392231999605e+03 5.343371250451163178e+03 5.541366271922625856e+03 7.467360101239238247e+03 7.717651036707279673e+03 7.740237481839551947e+03 8.284912570138068986e+03 9.424118869454614469e+03 9.592598695050593960e+03 1.101005331108149039e+04 1.140482503171946519e+04 1.151707160955053041e+04 1.180961473190950710e+04 1.197726682436717238e+04 1.204684106230507314e+04 1.218929794735541873e+04 1.279131013815111146e+04 1.279379194761675535e+04 1.305942400494578033e+04 1.344385034763222211e+04 1.355016965156147126e+04 1.365142728345891373e+04 1.394714403443167248e+04 1.395524941413220586e+04 1.421791643925728931e+04 1.426957823943506446e+04 1.433515399065034217e+04 1.467893133258651869e+04 1.512361096786870257e+04 1.569353162322217395e+04 1.650427890240018314e+04 1.700304853608260237e+04 1.708241229502038914e+04 1.728793067557975883e+04 1.779059286630140195e+04 1.797858955294255429e+04 1.875580555058649770e+04 1.906962065280964089e+04 1.947854058599204291e+04 1.964009711340324793e+04 2.002148748370247267e+04 2.023808104892228221e+04 2.032218304962619732e+04 2.103179553739942276e+04 2.108418688426410881e+04 2.126019232732425735e+04 2.162931381612124096e+04 2.173422712273061552e+04 2.182185458419063070e+04 2.227487188113706725e+04 2.242696320237226246e+04 2.248069052085087969e+04 2.256121456287707770e+04 2.375314824828575729e+04 2.422497402580620474e+04 2.431600259229092262e+04 2.488124947953230367e+04 2.517872005144641662e+04 2.581983122998697218e+04 2.604256536078199497e+04 2.616284623836557512e+04 2.661658665295946412e+04 2.695092008979677121e+04 2.761351697299436273e+04 2.769752260904992363e+04 2.788366461134131896e+04 2.914942163504313430e+04 3.010795338125781927e+04 3.029243590108405988e+04 3.036632685203024812e+04 3.040104079647024992e+04 3.139004302901670962e+04 3.145124365314257375e+04 3.148781925482518636e+04 3.420965653094758454e+04 3.527485237975805649e+04 3.555578983713873458e+04 3.573775939666381601e+04 3.582662320596225618e+04 3.602772216646430024e+04 3.627489088484098465e+04 3.632004466121263977e+04 3.652832873304624081e+04 3.663883086128577997e+04 3.669678834113074845e+04 3.674668340951071877e+04 3.690229941339578363e+04 3.704099768560259690e+04 3.728024638434798544e+04 3.771014060375210829e+04 3.772038924570153176e+04 3.779193675904468546e+04 3.830430975207040319e+04 3.901119212398579839e+04 3.907368528814169986e+04 3.996075118377470790e+04 4.030875043788031326e+04 4.047173428608469112e+04 4.069884387675471953e+04 4.155160264585056575e+04 4.327173951629640942e+04 4.422073052438136801e+04 4.438679450214096869e+04 4.459023070084696519e+04 4.496022082355235034e+04 4.631633069823624101e+04 4.692187791362821736e+04 4.697856011170522106e+04 4.748117058344953693e+04 4.755713415772520239e+04 4.755981983521224902e+04 4.772506883820942312e+04 4.781410556251312664e+04 4.785739641477171972e+04
1.871172503960426411e+03 1.644633581508472162e+03 1.565273616212663001e+03 1.034591043569748763e+03 1.019942023023401134e+03 5.500371716841368652e+02 1.906902176066569155e+02 0.000000000000000000e+00 1.005576187372103050e+02 3.441832239360537642e+02 6.879609912133410035e+02 1.808041876233876337e+03 2.019050809943059903e+03 2.243702327127308308e+03 2.483331967276883006e+03 2.607510177895039305e+03 3.172179360977073884e+03 4.078011713227760993e+03 4.484382120507571017e+03 4.707691972855083804e+03 4.949455975029629371e+03 5.007883174625342690e+03 5.152681032844506262e+03 5.350676054315968941e+03 7.276669883632581332e+03 7.526960819100622757e+03 7.549547264232895031e+03 8.094222352531412980e+03 9.233428651847956644e+03 9.401908477443936135e+03 1.081936309347483257e+04 1.121413481411280736e+04 1.132638139194387441e+04 1.161892451430284927e+04 1.178657660676051637e+04 1.185615084469841531e+04 1.199860772974876272e+04 1.260061992054445545e+04 1.260310173001009753e+04 1.286873378733912250e+04 1.325316013002556429e+04 1.335947943395481343e+04 1.346073706585225591e+04 1.375645381682501647e+04 1.376455919652554803e+04 1.402722622165063149e+04 1.407888802182840845e+04 1.414446377304368434e+04 1.448824111497986087e+04 1.493292075026204475e+04 1.550284140561551612e+04 1.631358868479352532e+04 1.681235831847594454e+04 1.689172207741373131e+04 1.709724045797310100e+04 1.759990264869474413e+04 1.778789933533589647e+04 1.856511533297983988e+04 1.887893043520298306e+04 1.928785036838538508e+04 1.944940689579659011e+04 1.983079726609581485e+04 2.004739083131562438e+04 2.013149283201953949e+04 2.084110531979276493e+04 2.089349666665745099e+04 2.106950210971759952e+04 2.143862359851458314e+04 2.154353690512395769e+04 2.163116436658397288e+04 2.208418166353040942e+04 2.223627298476560463e+04 2.229000030324422187e+04 2.237052434527041987e+04 2.356245803067909947e+04 2.403428380819954691e+04 2.412531237468426480e+04 2.469055926192564584e+04 2.498802983383975879e+04 2.562914101238031435e+04 2.585187514317533714e+04 2.597215602075891729e+04 2.642589643535280629e+04 2.676022987219011338e+04 2.742282675538770491e+04 2.750683239144326581e+04 2.769297439373466113e+04 2.895873141743647648e+04 2.991726316365116145e+04 3.010174568347740205e+04 3.017563663442359029e+04 3.021035057886359209e+04 3.119935281141005180e+04 3.126055343553591592e+04 3.129712903721852854e+04 3.401896631334093399e+04 3.508416216215140594e+04 3.536509961953207676e+04 3.554706917905715818e+04 3.563593298835560563e+04 3.583703194885764970e+04 3.608420066723432683e+04 3.612935444360598922e+04 3.633763851543958299e+04 3.644814064367912943e+04 3.650609812352409062e+04 3.655599319190406823e+04 3.671160919578913308e+04 3.685030746799593908e+04 3.708955616674132762e+04 3.751945038614545774e+04 3.752969902809488121e+04 3.760124654143802763e+04 3.811361953446375264e+04 3.882050190637914056e+04 3.888299507053504931e+04 3.977006096616805007e+04 4.011806022027366271e+04 4.028104406847803330e+04 4.050815365914806898e+04 4.136091242824391520e+04 4.308104929868975887e+04 4.403004030677471019e+04 4.419610428453431814e+04 4.439954048324031464e+04 4.476953060594569251e+04 4.612564048062959046e+04 4.673118769602155953e+04 4.678786989409856324e+04 4.729048036584288639e+04 4.736644394011855184e+04 4.736912961760559119e+04 4.753437862060277257e+04 4.762341534490647609e+04 4.766670619716506917e+04
1.971730122697636716e+03 1.745191200245682467e+03 1.665831234949873306e+03 1.135148662306959068e+03 1.120499641760611439e+03 6.505947904213471702e+02 2.912478363438672204e+02 1.005576187372103050e+02 0.000000000000000000e+00 2.436256051988434592e+02 5.874033724761306985e+02 1.707484257496666032e+03 1.918493191205849598e+03 2.143144708390098003e+03 2.382774348539672701e+03 2.506952559157829000e+03 3.071621742239863579e+03 3.977454094490550688e+03 4.383824501770361167e+03 4.607134354117873954e+03 4.848898356292418612e+03 4.907325555888131930e+03 5.052123414107296412e+03 5.250118435578759090e+03 7.176112264895371482e+03 7.426403200363412907e+03 7.448989645495685181e+03 7.993664733794203130e+03 9.132871033110746794e+03 9.301350858706726285e+03 1.071880547473762272e+04 1.111357719537559751e+04 1.122582377320666455e+04 1.151836689556563942e+04 1.168601898802330652e+04 1.175559322596120546e+04 1.189805011101155287e+04 1.250006230180724560e+04 1.250254411127288768e+04 1.276817616860191265e+04 1.315260251128835444e+04 1.325892181521760358e+04 1.336017944711504606e+04 1.365589619808780662e+04 1.366400157778833818e+04 1.392666860291342164e+04 1.397833040309119860e+04 1.404390615430647449e+04 1.438768349624265102e+04 1.483236313152483490e+04 1.540228378687830627e+04 1.621303106605631547e+04 1.671180069973873469e+04 1.679116445867652146e+04 1.699668283923589115e+04 1.749934502995753428e+04 1.768734171659868662e+04 1.846455771424263003e+04 1.877837281646577321e+04 1.918729274964817523e+04 1.934884927705938026e+04 1.973023964735860500e+04 1.994683321257841453e+04 2.003093521328232964e+04 2.074054770105555508e+04 2.079293904792024114e+04 2.096894449098038967e+04 2.133806597977737329e+04 2.144297928638674784e+04 2.153060674784676303e+04 2.198362404479319957e+04 2.213571536602839478e+04 2.218944268450701202e+04 2.226996672653321002e+04 2.346190041194188962e+04 2.393372618946233706e+04 2.402475475594705495e+04 2.459000164318843599e+04 2.488747221510254894e+04 2.552858339364310450e+04 2.575131752443812729e+04 2.587159840202170744e+04 2.632533881661559644e+04 2.665967225345290353e+04 2.732226913665049506e+04 2.740627477270605596e+04 2.759241677499745128e+04 2.885817379869926663e+04 2.981670554491395160e+04 3.000118806474019220e+04 3.007507901568638044e+04 3.010979296012638224e+04 3.109879519267284195e+04 3.115999581679870607e+04 3.119657141848131869e+04 3.391840869460372051e+04 3.498360454341419245e+04 3.526454200079487055e+04 3.544651156031995197e+04 3.553537536961839214e+04 3.573647433012043621e+04 3.598364304849712062e+04 3.602879682486877573e+04 3.623708089670237678e+04 3.634758302494191594e+04 3.640554050478688441e+04 3.645543557316685474e+04 3.661105157705191959e+04 3.674974984925873287e+04 3.698899854800412140e+04 3.741889276740824425e+04 3.742914140935766773e+04 3.750068892270082142e+04 3.801306191572653916e+04 3.871994428764193435e+04 3.878243745179783582e+04 3.966950334743084386e+04 4.001750260153644922e+04 4.018048644974082708e+04 4.040759604041085549e+04 4.126035480950670171e+04 4.298049167995254538e+04 4.392948268803750398e+04 4.409554666579710465e+04 4.429898286450310115e+04 4.466897298720848630e+04 4.602508286189237697e+04 4.663063007728435332e+04 4.668731227536135702e+04 4.718992274710567290e+04 4.726588632138133835e+04 4.726857199886838498e+04 4.743382100186555908e+04 4.752285772616926261e+04 4.756614857842785568e+04
2.215355727896479948e+03 1.988816805444525926e+03 1.909456840148716765e+03 1.378774267505802527e+03 1.364125246959454898e+03 8.942203956201906294e+02 5.348734415427106796e+02 3.441832239360537642e+02 2.436256051988434592e+02 0.000000000000000000e+00 3.437777672772872393e+02 1.463858652297822573e+03 1.674867586007006139e+03 1.899519103191254544e+03 2.139148743340829242e+03 2.263326953958985541e+03 2.827996137041020120e+03 3.733828489291707228e+03 4.140198896571517253e+03 4.363508748919030040e+03 4.605272751093575607e+03 4.663699950689288926e+03 4.808497808908452498e+03 5.006492830379915176e+03 6.932486659696527568e+03 7.182777595164568993e+03 7.205364040296841267e+03 7.750039128595359216e+03 8.889245427911902880e+03 9.057725253507882371e+03 1.047517986953877880e+04 1.086995159017675360e+04 1.098219816800782064e+04 1.127474129036679551e+04 1.144239338282446261e+04 1.151196762076236155e+04 1.165442450581270896e+04 1.225643669660840169e+04 1.225891850607404376e+04 1.252455056340306874e+04 1.290897690608951052e+04 1.301529621001875967e+04 1.311655384191620215e+04 1.341227059288896271e+04 1.342037597258949427e+04 1.368304299771457772e+04 1.373470479789235469e+04 1.380028054910763058e+04 1.414405789104380710e+04 1.458873752632599098e+04 1.515865818167946236e+04 1.596940546085747155e+04 1.646817509453988896e+04 1.654753885347767937e+04 1.675305723403704906e+04 1.725571942475868855e+04 1.744371611139984452e+04 1.822093210904378793e+04 1.853474721126692748e+04 1.894366714444933314e+04 1.910522367186053452e+04 1.948661404215975926e+04 1.970320760737956880e+04 1.978730960808348755e+04 2.049692209585670935e+04 2.054931344272139540e+04 2.072531888578154758e+04 2.109444037457853119e+04 2.119935368118790211e+04 2.128698114264792093e+04 2.173999843959435384e+04 2.189208976082954905e+04 2.194581707930816629e+04 2.202634112133436429e+04 2.321827480674304388e+04 2.369010058426349133e+04 2.378112915074820921e+04 2.434637603798959026e+04 2.464384660990370321e+04 2.528495778844426241e+04 2.550769191923928156e+04 2.562797279682286171e+04 2.608171321141675435e+04 2.641604664825405780e+04 2.707864353145164932e+04 2.716264916750721022e+04 2.734879116979860555e+04 2.861454819350042089e+04 2.957307993971510587e+04 2.975756245954134647e+04 2.983145341048753471e+04 2.986616735492753651e+04 3.085516958747399622e+04 3.091637021159986034e+04 3.095294581328247295e+04 3.367478308940487477e+04 3.473997893821534672e+04 3.502091639559602481e+04 3.520288595512110624e+04 3.529174976441954641e+04 3.549284872492159047e+04 3.574001744329827488e+04 3.578517121966993000e+04 3.599345529150353104e+04 3.610395741974307020e+04 3.616191489958803868e+04 3.621180996796800900e+04 3.636742597185307386e+04 3.650612424405988713e+04 3.674537294280527567e+04 3.717526716220939852e+04 3.718551580415882199e+04 3.725706331750197569e+04 3.776943631052769342e+04 3.847631868244308862e+04 3.853881184659899009e+04 3.942587774223199813e+04 3.977387699633760349e+04 3.993686084454198135e+04 4.016397043521200976e+04 4.101672920430785598e+04 4.273686607475369965e+04 4.368585708283865824e+04 4.385192106059825892e+04 4.405535725930425542e+04 4.442534738200964057e+04 4.578145725669353124e+04 4.638700447208550759e+04 4.644368667016251129e+04 4.694629714190682716e+04 4.702226071618249262e+04 4.702494639366953925e+04 4.719019539666671335e+04 4.727923212097041687e+04 4.732252297322900995e+04
2.559133495173767187e+03 2.332594572721813165e+03 2.253234607426004004e+03 1.722552034783089766e+03 1.707903014236742138e+03 1.237998162897477869e+03 8.786512088199979189e+02 6.879609912133410035e+02 5.874033724761306985e+02 3.437777672772872393e+02 0.000000000000000000e+00 1.120080885020535334e+03 1.331089818729718900e+03 1.555741335913967305e+03 1.795370976063542003e+03 1.919549186681698302e+03 2.484218369763732881e+03 3.390050722014419989e+03 3.796421129294230013e+03 4.019730981641742801e+03 4.261494983816288368e+03 4.319922183412001687e+03 4.464720041631165259e+03 4.662715063102627937e+03 6.588708892419240328e+03 6.838999827887281754e+03 6.861586273019554028e+03 7.406261361318071977e+03 8.545467660634614731e+03 8.713947486230594222e+03 1.013140210226149065e+04 1.052617382289946545e+04 1.063842040073053431e+04 1.093096352308950736e+04 1.109861561554717628e+04 1.116818985348507340e+04 1.131064673853542263e+04 1.191265892933111536e+04 1.191514073879675561e+04 1.218077279612578059e+04 1.256519913881222237e+04 1.267151844274147152e+04 1.277277607463891400e+04 1.306849282561167638e+04 1.307659820531220612e+04 1.333926523043728957e+04 1.339092703061506836e+04 1.345650278183034243e+04 1.380028012376651895e+04 1.424495975904870284e+04 1.481488041440217421e+04 1.562562769358018340e+04 1.612439732726260263e+04 1.620376108620038940e+04 1.640927946675975909e+04 1.691194165748140222e+04 1.709993834412255455e+04 1.787715434176649796e+04 1.819096944398964115e+04 1.859988937717204317e+04 1.876144590458324819e+04 1.914283627488247294e+04 1.935942984010228247e+04 1.944353184080619758e+04 2.015314432857942302e+04 2.020553567544410907e+04 2.038154111850425761e+04 2.075066260730124122e+04 2.085557591391061578e+04 2.094320337537063097e+04 2.139622067231706751e+04 2.154831199355226272e+04 2.160203931203087996e+04 2.168256335405707796e+04 2.287449703946575755e+04 2.334632281698620500e+04 2.343735138347092288e+04 2.400259827071230393e+04 2.430006884262641688e+04 2.494118002116697244e+04 2.516391415196199523e+04 2.528419502954557538e+04 2.573793544413946438e+04 2.607226888097677147e+04 2.673486576417436299e+04 2.681887140022992389e+04 2.700501340252131922e+04 2.827077042622313456e+04 2.922930217243781954e+04 2.941378469226406014e+04 2.948767564321024838e+04 2.952238958765025018e+04 3.051139182019670989e+04 3.057259244432257401e+04 3.060916804600518662e+04 3.333100532212758844e+04 3.439620117093806039e+04 3.467713862831873848e+04 3.485910818784381991e+04 3.494797199714226008e+04 3.514907095764430414e+04 3.539623967602098855e+04 3.544139345239264367e+04 3.564967752422624471e+04 3.576017965246578387e+04 3.581813713231075235e+04 3.586803220069072268e+04 3.602364820457578753e+04 3.616234647678260080e+04 3.640159517552798934e+04 3.683148939493211219e+04 3.684173803688153566e+04 3.691328555022468936e+04 3.742565854325040709e+04 3.813254091516580229e+04 3.819503407932170376e+04 3.908209997495471180e+04 3.943009922906031716e+04 3.959308307726469502e+04 3.982019266793472343e+04 4.067295143703056965e+04 4.239308830747641332e+04 4.334207931556137191e+04 4.350814329332097259e+04 4.371157949202696909e+04 4.408156961473235424e+04 4.543767948941624491e+04 4.604322670480822126e+04 4.609990890288522496e+04 4.660251937462954083e+04 4.667848294890520629e+04 4.668116862639225292e+04 4.684641762938942702e+04 4.693545435369313054e+04 4.697874520595172362e+04
