0.000000000000000000e+00 7.144303714744619356e+02 7.576523960228560099e+02 7.740285180563828362e+02 1.549876884124555090e+03 2.210442528108323131e+03 2.291000924135616515e+03 3.551102489697819692e+03 3.622369648752714056e+03 4.640882774948446240e+03 4.745585120288851613e+03 5.056104788677241231e+03 5.590067973878955854e+03 6.043165356038234677e+03 6.130219627197569935e+03 6.146678324206099205e+03 6.390039692231724985e+03 7.008168847799930518e+03 7.114926834886020515e+03 7.274377581229786301e+03 8.241267702064240439e+03 8.323493821847327126e+03 8.758199097068560150e+03 8.871353656921812217e+03 9.949118575910026266e+03 1.073240223714479544e+04 1.082212333733865671e+04 1.119143513669864114e+04 1.157108234028289553e+04 1.200811998468462843e+04 1.231511386115803543e+04 1.234641442653802369e+04 1.242772325293744325e+04 1.349266149171258803e+04 1.367280250871672251e+04 1.385864132098270420e+04 1.425395450954641092e+04 1.429562686760200813e+04 1.438177398797013484e+04 1.482807091120360201e+04 1.488937288105521839e+04 1.519053701188279229e+04 1.563983245085498493e+04 1.593901931154670456e+04 1.639960757050860411e+04 1.643087606761809730e+04 1.661172558531180402e+04 1.694883093211911546e+04 1.718225735949444061e+04 1.805689107157380568e+04 1.828396722004620096e+04 1.995439976940591441e+04 2.020013585975209935e+04 2.066457648898887419e+04 2.102076341545728792e+04 2.108375177934492240e+04 2.124619201886681185e+04 2.166007376917193324e+04 2.183101663116092095e+04 2.187569431150588571e+04 2.195318283973588041e+04 2.249107372650695470e+04 2.313854341673902672e+04
7.144303714744619356e+02 0.000000000000000000e+00 4.322202454839407437e+01 5.959814658192090064e+01 8.354465126500931547e+02 1.496012156633861196e+03 1.576570552661154579e+03 2.836672118223357757e+03 2.907939277278252121e+03 3.926452403473984305e+03 4.031154748814389677e+03 4.341674417202779296e+03 4.875637602404493919e+03 5.328734984563772741e+03 5.415789255723107999e+03 5.432247952731637270e+03 5.675609320757263049e+03 6.293738476325468582e+03 6.400496463411558580e+03 6.559947209755324366e+03 7.526837330589778503e+03 7.609063450372865191e+03 8.043768725594098214e+03 8.156923285447350281e+03 9.234688204435564330e+03 1.001797186567033350e+04 1.010769296586419478e+04 1.047700476522417921e+04 1.085665196880843359e+04 1.129368961321016650e+04 1.160068348968357350e+04 1.163198405506356175e+04 1.171329288146298131e+04 1.277823112023812610e+04 1.295837213724226058e+04 1.314421094950824227e+04 1.353952413807194898e+04 1.358119649612754620e+04 1.366734361649567290e+04 1.411364053972914007e+04 1.417494250958075645e+04 1.447610664040833035e+04 1.492540207938052299e+04 1.522458894007224262e+04 1.568517719903414218e+04 1.571644569614363536e+04 1.589729521383734209e+04 1.623440056064465352e+04 1.646782698801998049e+04 1.734246070009934192e+04 1.756953684857174085e+04 1.923996939793145430e+04 1.948570548827763560e+04 1.995014611751441407e+04 2.030633304398282780e+04 2.036932140787046228e+04 2.053176164739234810e+04 2.094564339769747312e+04 2.111658625968646083e+04 2.116126394003142195e+04 2.123875246826141665e+04 2.177664335503249458e+04 2.242411304526456661e+04
7.576523960228560099e+02 4.322202454839407437e+01 0.000000000000000000e+00 1.637612203352682627e+01 7.922244881016990803e+02 1.452790132085467121e+03 1.533348528112760505e+03 2.793450093674963682e+03 2.864717252729858046e+03 3.883230378925590230e+03 3.987932724265995603e+03 4.298452392654385221e+03 4.832415577856099844e+03 5.285512960015378667e+03 5.372567231174713925e+03 5.389025928183243195e+03 5.632387296208868975e+03 6.250516451777074508e+03 6.357274438863164505e+03 6.516725185206930291e+03 7.483615306041384429e+03 7.565841425824471116e+03 8.000546701045704140e+03 8.113701260898956207e+03 9.191466179887171165e+03 9.974749841121938516e+03 1.006447094131580161e+04 1.043378274067578604e+04 1.081342994426003861e+04 1.125046758866177333e+04 1.155746146513518033e+04 1.158876203051516859e+04 1.167007085691458633e+04 1.273500909568973293e+04 1.291515011269386741e+04 1.310098892495984910e+04 1.349630211352355400e+04 1.353797447157915303e+04 1.362412159194727792e+04 1.407041851518074691e+04 1.413172048503236147e+04 1.443288461585993718e+04 1.488218005483212983e+04 1.518136691552384946e+04 1.564195517448574901e+04 1.567322367159524219e+04 1.585407318928894892e+04 1.619117853609626036e+04 1.642460496347158551e+04 1.729923867555095057e+04 1.752631482402334586e+04 1.919674737338305931e+04 1.944248346372924425e+04 1.990692409296601909e+04 2.026311101943443282e+04 2.032609938332206730e+04 2.048853962284395675e+04 2.090242137314907814e+04 2.107336423513806585e+04 2.111804191548303061e+04 2.119553044371302531e+04 2.173342133048409960e+04 2.238089102071617162e+04
7.740285180563828362e+02 5.959814658192090064e+01 1.637612203352682627e+01 0.000000000000000000e+00 7.758483660681722540e+02 1.436414010051940295e+03 1.516972406079233679e+03 2.777073971641436856e+03 2.848341130696331220e+03 3.866854256892063404e+03 3.971556602232468776e+03 4.282076270620858850e+03 4.816039455822572563e+03 5.269136837981852295e+03 5.356191109141187553e+03 5.372649806149716824e+03 5.616011174175342603e+03 6.234140329743548136e+03 6.340898316829638134e+03 6.500349063173403920e+03 7.467239184007858057e+03 7.549465303790944745e+03 7.984170579012177768e+03 8.097325138865429835e+03 9.175090057853643884e+03 9.958373719088413054e+03 1.004809481928227433e+04 1.041740661864225876e+04 1.079705382222651315e+04 1.123409146662824605e+04 1.154108534310165305e+04 1.157238590848164131e+04 1.165369473488106087e+04 1.271863297365620565e+04 1.289877399066034013e+04 1.308461280292632182e+04 1.347992599149002854e+04 1.352159834954562575e+04 1.360774546991375246e+04 1.405404239314721963e+04 1.411534436299883600e+04 1.441650849382640990e+04 1.486580393279860255e+04 1.516499079349032218e+04 1.562557905245222173e+04 1.565684754956171491e+04 1.583769706725542164e+04 1.617480241406273308e+04 1.640822884143805641e+04 1.728286255351742147e+04 1.750993870198981676e+04 1.918037125134953021e+04 1.942610734169571515e+04 1.989054797093248999e+04 2.024673489740090372e+04 2.030972326128853820e+04 2.047216350081042765e+04 2.088604525111554904e+04 2.105698811310453675e+04 2.110166579344950151e+04 2.117915432167949621e+04 2.171704520845057050e+04 2.236451489868264252e+04
1.549876884124555090e+03 8.354465126500931547e+02 7.922244881016990803e+02 7.758483660681722540e+02 0.000000000000000000e+00 6.605656439837680409e+02 7.411240400110614246e+02 2.001225605573264602e+03 2.072492764628158966e+03 3.091005890823891150e+03 3.195708236164296522e+03 3.506227904552686141e+03 4.040191089754400764e+03 4.493288471913680041e+03 4.580342743073015299e+03 4.596801440081544570e+03 4.840162808107170349e+03 5.458291963675375882e+03 5.565049950761465880e+03 5.724500697105231666e+03 6.691390817939685803e+03 6.773616937722772491e+03 7.208322212944005514e+03 7.321476772797257581e+03 8.399241691785471630e+03 9.182525353020240800e+03 9.272246453214102075e+03 9.641558252574086509e+03 1.002120545615834089e+04 1.045824310056007380e+04 1.076523697703348080e+04 1.079653754241346905e+04 1.087784636881288861e+04 1.194278460758803340e+04 1.212292562459216788e+04 1.230876443685814957e+04 1.270407762542185628e+04 1.274574998347745350e+04 1.283189710384558020e+04 1.327819402707904737e+04 1.333949599693066375e+04 1.364066012775823765e+04 1.408995556673043029e+04 1.438914242742214992e+04 1.484973068638404948e+04 1.488099918349354266e+04 1.506184870118724939e+04 1.539895404799456082e+04 1.563238047536988597e+04 1.650701418744925104e+04 1.673409033592164633e+04 1.840452288528135978e+04 1.865025897562754471e+04 1.911469960486431955e+04 1.947088653133273328e+04 1.953387489522036776e+04 1.969631513474225721e+04 2.011019688504737860e+04 2.028113974703636632e+04 2.032581742738133107e+04 2.040330595561132577e+04 2.094119684238240006e+04 2.158866653261447209e+04
2.210442528108323131e+03 1.496012156633861196e+03 1.452790132085467121e+03 1.436414010051940295e+03 6.605656439837680409e+02 0.000000000000000000e+00 8.055839602729338367e+01 1.340659961589496561e+03 1.411927120644390925e+03 2.430440246840123109e+03 2.535142592180528482e+03 2.845662260568918100e+03 3.379625445770632723e+03 3.832722827929911546e+03 3.919777099089246803e+03 3.936235796097776074e+03 4.179597164123401853e+03 4.797726319691607387e+03 4.904484306777697384e+03 5.063935053121463170e+03 6.030825173955917307e+03 6.113051293739003995e+03 6.547756568960237018e+03 6.660911128813489086e+03 7.738676047801703135e+03 8.521959709036473214e+03 8.611680809230332670e+03 8.980992608590317104e+03 9.360639812174573308e+03 9.797677456576304394e+03 1.010467133304971139e+04 1.013597189842969965e+04 1.021728072482912103e+04 1.128221896360426399e+04 1.146235998060839847e+04 1.164819879287438016e+04 1.204351198143808870e+04 1.208518433949368409e+04 1.217133145986181262e+04 1.261762838309527797e+04 1.267893035294689616e+04 1.298009448377446824e+04 1.342938992274666089e+04 1.372857678343838052e+04 1.418916504240028007e+04 1.422043353950977325e+04 1.440128305720347998e+04 1.473838840401079142e+04 1.497181483138611657e+04 1.584644854346548163e+04 1.607352469193787692e+04 1.774395724129759037e+04 1.798969333164377531e+04 1.845413396088055015e+04 1.881032088734896388e+04 1.887330925123659836e+04 1.903574949075848781e+04 1.944963124106360920e+04 1.962057410305259691e+04 1.966525178339756167e+04 1.974274031162755637e+04 2.028063119839863066e+04 2.092810088863070268e+04
2.291000924135616515e+03 1.576570552661154579e+03 1.533348528112760505e+03 1.516972406079233679e+03 7.411240400110614246e+02 8.055839602729338367e+01 0.000000000000000000e+00 1.260101565562203177e+03 1.331368724617097541e+03 2.349881850812829725e+03 2.454584196153235098e+03 2.765103864541624716e+03 3.299067049743339339e+03 3.752164431902618162e+03 3.839218703061953420e+03 3.855677400070482690e+03 4.099038768096108470e+03 4.717167923664314003e+03 4.823925910750404000e+03 4.983376657094169786e+03 5.950266777928623924e+03 6.032492897711710611e+03 6.467198172932943635e+03 6.580352732786195702e+03 7.658117651774409751e+03 8.441401313009178921e+03 8.531122413203040196e+03 8.900434212563024630e+03 9.280081416147279015e+03 9.717119060549011920e+03 1.002411293702241892e+04 1.005541350240240718e+04 1.013672232880182673e+04 1.120166056757697152e+04 1.138180158458110600e+04 1.156764039684708769e+04 1.196295358541079440e+04 1.200462594346639162e+04 1.209077306383451833e+04 1.253706998706798549e+04 1.259837195691960187e+04 1.289953608774717577e+04 1.334883152671936841e+04 1.364801838741108804e+04 1.410860664637298760e+04 1.413987514348248078e+04 1.432072466117618751e+04 1.465783000798349894e+04 1.489125643535882409e+04 1.576589014743818916e+04 1.599296629591058445e+04 1.766339884527029790e+04 1.790913493561648284e+04 1.837357556485325767e+04 1.872976249132167140e+04 1.879275085520930588e+04 1.895519109473119534e+04 1.936907284503631672e+04 1.954001570702530444e+04 1.958469338737026919e+04 1.966218191560026389e+04 2.020007280237133818e+04 2.084754249260341021e+04
3.551102489697819692e+03 2.836672118223357757e+03 2.793450093674963682e+03 2.777073971641436856e+03 2.001225605573264602e+03 1.340659961589496561e+03 1.260101565562203177e+03 0.000000000000000000e+00 7.126715905489436409e+01 1.089780285250626548e+03 1.194482630591031921e+03 1.505002298979421539e+03 2.038965484181136162e+03 2.492062866340414985e+03 2.579117137499750243e+03 2.595575834508279513e+03 2.838937202533905293e+03 3.457066358102110826e+03 3.563824345188200823e+03 3.723275091531966609e+03 4.690165212366420747e+03 4.772391332149507434e+03 5.207096607370740458e+03 5.320251167223992525e+03 6.398016086212206574e+03 7.181299747446975744e+03 7.271020847640837019e+03 7.640332647000821453e+03 8.019979850585075837e+03 8.457017494986808742e+03 8.764011371460215742e+03 8.795311936840203998e+03 8.876620763239623557e+03 9.941559002014768339e+03 1.012170001901890282e+04 1.030753883128488451e+04 1.070285201984859123e+04 1.074452437790418844e+04 1.083067149827231515e+04 1.127696842150578232e+04 1.133827039135739869e+04 1.163943452218497259e+04 1.208872996115716523e+04 1.238791682184888487e+04 1.284850508081078442e+04 1.287977357792027760e+04 1.306062309561398433e+04 1.339772844242129577e+04 1.363115486979662091e+04 1.450578858187598598e+04 1.473286473034838127e+04 1.640329727970809472e+04 1.664903337005427966e+04 1.711347399929105450e+04 1.746966092575946823e+04 1.753264928964710271e+04 1.769508952916899216e+04 1.810897127947411354e+04 1.827991414146310126e+04 1.832459182180806602e+04 1.840208035003806071e+04 1.893997123680913501e+04 1.958744092704120703e+04
3.622369648752714056e+03 2.907939277278252121e+03 2.864717252729858046e+03 2.848341130696331220e+03 2.072492764628158966e+03 1.411927120644390925e+03 1.331368724617097541e+03 7.126715905489436409e+01 0.000000000000000000e+00 1.018513126195732184e+03 1.123215471536137557e+03 1.433735139924527175e+03 1.967698325126241798e+03 2.420795707285520621e+03 2.507849978444855878e+03 2.524308675453385149e+03 2.767670043479010928e+03 3.385799199047216462e+03 3.492557186133306459e+03 3.652007932477072245e+03 4.618898053311526382e+03 4.701124173094613070e+03 5.135829448315846093e+03 5.248984008169098161e+03 6.326748927157312210e+03 7.110032588392081379e+03 7.199753688585942655e+03 7.569065487945927089e+03 7.948712691530181473e+03 8.385750335931914378e+03 8.692744212405321377e+03 8.724044777785309634e+03 8.805353604184729193e+03 9.870291842959873975e+03 1.005043285996400846e+04 1.023627167222999014e+04 1.063158486079369686e+04 1.067325721884929408e+04 1.075940433921742078e+04 1.120570126245088795e+04 1.126700323230250433e+04 1.156816736313007823e+04 1.201746280210227087e+04 1.231664966279399050e+04 1.277723792175589006e+04 1.280850641886538324e+04 1.298935593655908997e+04 1.332646128336640140e+04 1.355988771074172655e+04 1.443452142282109162e+04 1.466159757129348691e+04 1.633203012065320036e+04 1.657776621099938347e+04 1.704220684023616195e+04 1.739839376670457568e+04 1.746138213059221016e+04 1.762382237011409597e+04 1.803770412041922100e+04 1.820864698240820871e+04 1.825332466275316983e+04 1.833081319098316453e+04 1.886870407775424246e+04 1.951617376798631449e+04
4.640882774948446240e+03 3.926452403473984305e+03 3.883230378925590230e+03 3.866854256892063404e+03 3.091005890823891150e+03 2.430440246840123109e+03 2.349881850812829725e+03 1.089780285250626548e+03 1.018513126195732184e+03 0.000000000000000000e+00 1.047023453404053726e+02 4.152220137287949910e+02 9.491851989305096140e+02 1.402282581089788437e+03 1.489336852249123694e+03 1.505795549257652965e+03 1.749156917283278744e+03 2.367286072851484278e+03 2.474044059937574275e+03 2.633494806281340061e+03 3.600384927115794198e+03 3.682611046898880886e+03 4.117316322120113909e+03 4.230470881973365977e+03 5.308235800961580026e+03 6.091519462196349195e+03 6.181240562390210471e+03 6.550552361750194905e+03 6.930199565334449289e+03 7.367237209736182194e+03 7.674231086209589193e+03 7.705531651589577450e+03 7.786840477988997009e+03 8.851778716764141791e+03 9.031919733768276274e+03 9.217758546034257961e+03 9.613071734597964678e+03 9.654744092653561893e+03 9.740891213021688600e+03 1.018718813625515577e+04 1.024849010610677215e+04 1.054965423693434605e+04 1.099894967590653869e+04 1.129813653659825832e+04 1.175872479556015787e+04 1.178999329266965105e+04 1.197084281036335778e+04 1.230794815717066922e+04 1.254137458454599437e+04 1.341600829662535943e+04 1.364308444509775472e+04 1.531351699445746817e+04 1.555925308480365311e+04 1.602369371404042795e+04 1.637988064050884168e+04 1.644286900439647434e+04 1.660530924391836743e+04 1.701919099422348518e+04 1.719013385621247289e+04 1.723481153655744129e+04 1.731230006478743599e+04 1.785019095155850664e+04 1.849766064179057867e+04
4.745585120288851613e+03 4.031154748814389677e+03 3.987932724265995603e+03 3.971556602232468776e+03 3.195708236164296522e+03 2.535142592180528482e+03 2.454584196153235098e+03 1.194482630591031921e+03 1.123215471536137557e+03 1.047023453404053726e+02 0.000000000000000000e+00 3.105196683883896185e+02 8.444828535901042414e+02 1.297580235749383064e+03 1.384634506908718322e+03 1.401093203917247592e+03 1.644454571942873372e+03 2.262583727511078905e+03 2.369341714597168902e+03 2.528792460940934689e+03 3.495682581775388826e+03 3.577908701558475514e+03 4.012613976779708537e+03 4.125768536632960604e+03 5.203533455621174653e+03 5.986817116855943823e+03 6.076538217049805098e+03 6.445850016409789532e+03 6.825497219994043917e+03 7.262534864395776822e+03 7.569528740869183821e+03 7.600829306249172078e+03 7.682138132648591636e+03 8.747076371423736418e+03 8.927217388427870901e+03 9.113056200693852588e+03 9.508369389257559305e+03 9.550041747313156520e+03 9.636188867681283227e+03 1.008248579091475040e+04 1.014378776076636677e+04 1.044495189159394067e+04 1.089424733056613331e+04 1.119343419125785294e+04 1.165402245021975250e+04 1.168529094732924568e+04 1.186614046502295241e+04 1.220324581183026385e+04 1.243667223920558899e+04 1.331130595128495406e+04 1.353838209975734935e+04 1.520881464911706280e+04 1.545455073946324774e+04 1.591899136870002258e+04 1.627517829516843631e+04 1.633816665905607078e+04 1.650060689857796024e+04 1.691448864888308162e+04 1.708543151087206934e+04 1.713010919121703409e+04 1.720759771944702879e+04 1.774548860621810309e+04 1.839295829645017511e+04
5.056104788677241231e+03 4.341674417202779296e+03 4.298452392654385221e+03 4.282076270620858850e+03 3.506227904552686141e+03 2.845662260568918100e+03 2.765103864541624716e+03 1.505002298979421539e+03 1.433735139924527175e+03 4.152220137287949910e+02 3.105196683883896185e+02 0.000000000000000000e+00 5.339631852017146230e+02 9.870605673609934456e+02 1.074114838520328703e+03 1.090573535528857974e+03 1.333934903554483753e+03 1.952064059122689287e+03 2.058822046208779284e+03 2.218272792552545070e+03 3.185162913386999207e+03 3.267389033170085895e+03 3.702094308391318918e+03 3.815248868244570986e+03 4.893013787232785035e+03 5.676297448467554204e+03 5.766018548661415480e+03 6.135330348021399914e+03 6.514977551605654298e+03 6.952015196007387203e+03 7.259009072480794202e+03 7.290309637860782459e+03 7.371618464260202018e+03 8.436556703035346800e+03 8.616697720039481283e+03 8.802536532305462970e+03 9.197849720869169687e+03 9.239522078924766902e+03 9.325669199292893609e+03 9.771966122526360778e+03 9.833268092377977155e+03 1.013443222320555105e+04 1.058372766217774370e+04 1.088291452286946333e+04 1.134350278183136288e+04 1.137477127894085606e+04 1.155562079663456279e+04 1.189272614344187423e+04 1.212615257081719938e+04 1.300078628289656444e+04 1.322786243136895973e+04 1.489829498072867318e+04 1.514403107107485812e+04 1.560847170031163296e+04 1.596465862678004669e+04 1.602764699066768117e+04 1.619008723018957062e+04 1.660396898049469019e+04 1.677491184248367790e+04 1.681958952282864630e+04 1.689707805105864099e+04 1.743496893782971165e+04 1.808243862806178367e+04
5.590067973878955854e+03 4.875637602404493919e+03 4.832415577856099844e+03 4.816039455822572563e+03 4.040191089754400764e+03 3.379625445770632723e+03 3.299067049743339339e+03 2.038965484181136162e+03 1.967698325126241798e+03 9.491851989305096140e+02 8.444828535901042414e+02 5.339631852017146230e+02 0.000000000000000000e+00 4.530973821592788227e+02 5.401516533186140805e+02 5.566103503271433510e+02 7.999717183527691304e+02 1.418100873920974664e+03 1.524858861007064661e+03 1.684309607350830447e+03 2.651199728185284584e+03 2.733425847968371272e+03 3.168131123189604295e+03 3.281285683042856363e+03 4.359050602031070412e+03 5.142334263265839581e+03 5.232055363459700857e+03 5.601367162819685291e+03 5.981014366403939675e+03 6.418052010805672580e+03 6.725045887279079579e+03 6.756346452659067836e+03 6.837655279058487395e+03 7.902593517833632177e+03 8.082734534837766660e+03 8.268573347103749256e+03 8.663886535667454154e+03 8.705558893723053188e+03 8.791706014091178076e+03 9.238002937324647064e+03 9.299304907176261622e+03 9.600469038003837341e+03 1.004976447697602998e+04 1.034895133766774961e+04 1.080953959662964917e+04 1.084080809373914235e+04 1.102165761143284908e+04 1.135876295824016051e+04 1.159218938561548566e+04 1.246682309769485073e+04 1.269389924616724602e+04 1.436433179552695947e+04 1.461006788587314441e+04 1.507450851510991924e+04 1.543069544157833298e+04 1.549368380546596745e+04 1.565612404498785691e+04 1.607000579529297829e+04 1.624094865728196601e+04 1.628562633762693076e+04 1.636311486585692546e+04 1.690100575262799975e+04 1.754847544286007178e+04
6.043165356038234677e+03 5.328734984563772741e+03 5.285512960015378667e+03 5.269136837981852295e+03 4.493288471913680041e+03 3.832722827929911546e+03 3.752164431902618162e+03 2.492062866340414985e+03 2.420795707285520621e+03 1.402282581089788437e+03 1.297580235749383064e+03 9.870605673609934456e+02 4.530973821592788227e+02 0.000000000000000000e+00 8.705427115933525783e+01 1.035129681678645284e+02 3.468743361934903078e+02 9.650034917616958410e+02 1.071761478847785838e+03 1.231212225191551624e+03 2.198102346026005762e+03 2.280328465809092449e+03 2.715033741030325473e+03 2.828188300883577540e+03 3.905953219871791589e+03 4.689236881106560759e+03 4.778957981300422034e+03 5.148269780660406468e+03 5.527916984244660853e+03 5.964954628646393758e+03 6.271948505119800757e+03 6.303249070499789013e+03 6.384557896899208572e+03 7.449496135674353354e+03 7.629637152678487837e+03 7.815475964944469524e+03 8.210789153508176241e+03 8.252461511563773456e+03 8.338608631931900163e+03 8.784905555165367332e+03 8.846207525016983709e+03 9.147371655844557608e+03 9.596667094816750250e+03 9.895853955508469880e+03 1.035644221447036944e+04 1.038771071157986262e+04 1.056856022927356935e+04 1.090566557608088078e+04 1.113909200345620593e+04 1.201372571553557100e+04 1.224080186400796629e+04 1.391123441336767974e+04 1.415697050371386467e+04 1.462141113295063951e+04 1.497759805941905324e+04 1.504058642330668772e+04 1.520302666282857717e+04 1.561690841313369856e+04 1.578785127512268627e+04 1.583252895546765103e+04 1.591001748369764573e+04 1.644790837046872184e+04 1.709537806070079387e+04
6.130219627197569935e+03 5.415789255723107999e+03 5.372567231174713925e+03 5.356191109141187553e+03 4.580342743073015299e+03 3.919777099089246803e+03 3.839218703061953420e+03 2.579117137499750243e+03 2.507849978444855878e+03 1.489336852249123694e+03 1.384634506908718322e+03 1.074114838520328703e+03 5.401516533186140805e+02 8.705427115933525783e+01 0.000000000000000000e+00 1.645869700852927053e+01 2.598200650341550499e+02 8.779492206023605831e+02 9.847072076884505805e+02 1.144157954032216367e+03 2.111048074866670504e+03 2.193274194649757192e+03 2.627979469870990215e+03 2.741134029724242282e+03 3.818898948712456331e+03 4.602182609947225501e+03 4.691903710141086776e+03 5.061215509501071210e+03 5.440862713085325595e+03 5.877900357487058500e+03 6.184894233960465499e+03 6.216194799340453756e+03 6.297503625739873314e+03 7.362441864515018096e+03 7.542582881519152579e+03 7.728421693785134266e+03 8.123734882348840983e+03 8.165407240404438198e+03 8.251554360772564905e+03 8.697851284006032074e+03 8.759153253857648451e+03 9.060317384685222351e+03 9.509612823657414992e+03 9.808799684349134623e+03 1.026938794331103418e+04 1.030065644042052736e+04 1.048150595811423409e+04 1.081861130492154552e+04 1.105203773229687067e+04 1.192667144437623574e+04 1.215374759284863103e+04 1.382418014220834448e+04 1.406991623255452942e+04 1.453435686179130425e+04 1.489054378825971799e+04 1.495353215214735246e+04 1.511597239166924192e+04 1.552985414197436330e+04 1.570079700396335102e+04 1.574547468430831577e+04 1.582296321253831047e+04 1.636085409930938476e+04 1.700832378954145679e+04
6.146678324206099205e+03 5.432247952731637270e+03 5.389025928183243195e+03 5.372649806149716824e+03 4.596801440081544570e+03 3.936235796097776074e+03 3.855677400070482690e+03 2.595575834508279513e+03 2.524308675453385149e+03 1.505795549257652965e+03 1.401093203917247592e+03 1.090573535528857974e+03 5.566103503271433510e+02 1.035129681678645284e+02 1.645869700852927053e+01 0.000000000000000000e+00 2.433613680256257794e+02 8.614905235938313126e+02 9.682485106799213099e+02 1.127699257023687096e+03 2.094589377858141233e+03 2.176815497641227921e+03 2.611520772862460944e+03 2.724675332715713012e+03 3.802440251703927061e+03 4.585723912938696230e+03 4.675445013132557506e+03 5.044756812492541940e+03 5.424404016076796324e+03 5.861441660478529229e+03 6.168435536951936228e+03 6.199736102331924485e+03 6.281044928731344044e+03 7.345983167506488826e+03 7.526124184510623309e+03 7.711962996776604996e+03 8.107276185340311713e+03 8.148948543395908928e+03 8.235095663764035635e+03 8.681392586997502804e+03 8.742694556849119181e+03 9.043858687676693080e+03 9.493154126648885722e+03 9.792340987340605352e+03 1.025292924630250491e+04 1.028419774341199809e+04 1.046504726110570482e+04 1.080215260791301625e+04 1.103557903528834140e+04 1.191021274736770647e+04 1.213728889584010176e+04 1.380772144519981521e+04 1.405345753554600014e+04 1.451789816478277498e+04 1.487408509125118871e+04 1.493707345513882319e+04 1.509951369466071264e+04 1.551339544496583403e+04 1.568433830695482175e+04 1.572901598729978650e+04 1.580650451552978120e+04 1.634439540230085549e+04 1.699186509253292752e+04
6.390039692231724985e+03 5.675609320757263049e+03 5.632387296208868975e+03 5.616011174175342603e+03 4.840162808107170349e+03 4.179597164123401853e+03 4.099038768096108470e+03 2.838937202533905293e+03 2.767670043479010928e+03 1.749156917283278744e+03 1.644454571942873372e+03 1.333934903554483753e+03 7.999717183527691304e+02 3.468743361934903078e+02 2.598200650341550499e+02 2.433613680256257794e+02 0.000000000000000000e+00 6.181291555682055332e+02 7.248871426542955305e+02 8.843378889980613167e+02 1.851228009832515454e+03 1.933454129615602142e+03 2.368159404836835165e+03 2.481313964690087232e+03 3.559078883678301281e+03 4.342362544913070451e+03 4.432083645106931726e+03 4.801395444466916160e+03 5.181042648051170545e+03 5.618080292452903450e+03 5.925074168926310449e+03 5.956374734306298706e+03 6.037683560705718264e+03 7.102621799480863046e+03 7.282762816484997529e+03 7.468601628750979216e+03 7.863914817314685934e+03 7.905587175370283148e+03 7.991734295738409855e+03 8.438031218971877024e+03 8.499333188823493401e+03 8.800497319651067301e+03 9.249792758623259942e+03 9.548979619314979573e+03 1.000956787827687913e+04 1.004083637538637231e+04 1.022168589308007904e+04 1.055879123988739047e+04 1.079221766726271562e+04 1.166685137934208069e+04 1.189392752781447598e+04 1.356436007717418943e+04 1.381009616752037437e+04 1.427453679675714920e+04 1.463072372322556294e+04 1.469371208711319741e+04 1.485615232663508687e+04 1.527003407694020825e+04 1.544097693892919597e+04 1.548565461927416072e+04 1.556314314750415542e+04 1.610103403427522971e+04 1.674850372450730356e+04
7.008168847799930518e+03 6.293738476325468582e+03 6.250516451777074508e+03 6.234140329743548136e+03 5.458291963675375882e+03 4.797726319691607387e+03 4.717167923664314003e+03 3.457066358102110826e+03 3.385799199047216462e+03 2.367286072851484278e+03 2.262583727511078905e+03 1.952064059122689287e+03 1.418100873920974664e+03 9.650034917616958410e+02 8.779492206023605831e+02 8.614905235938313126e+02 6.181291555682055332e+02 0.000000000000000000e+00 1.067579870860899973e+02 2.662087334298557835e+02 1.233098854264309921e+03 1.315324974047396609e+03 1.750030249268629632e+03 1.863184809121881699e+03 2.940949728110095748e+03 3.724233389344864918e+03 3.813954489538726193e+03 4.183266288898710627e+03 4.562913492482965012e+03 4.999951136884697917e+03 5.306945013358104916e+03 5.338245578738093172e+03 5.419554405137512731e+03 6.484492643912657513e+03 6.664633660916791996e+03 6.850472473182773683e+03 7.245785661746480400e+03 7.287458019802077615e+03 7.373605140170204322e+03 7.819902063403671491e+03 7.881204033255287868e+03 8.182368164082861767e+03 8.631663603055054409e+03 8.930850463746774039e+03 9.391438722708673595e+03 9.422707219818166777e+03 9.603556737511873507e+03 9.940662084319184942e+03 1.017408851169451009e+04 1.104872222377387516e+04 1.127579837224627045e+04 1.294623092160598389e+04 1.319196701195216883e+04 1.365640764118894367e+04 1.401259456765735740e+04 1.407558293154499188e+04 1.423802317106688133e+04 1.465190492137200272e+04 1.482284778336099043e+04 1.486752546370595519e+04 1.494501399193594989e+04 1.548290487870702418e+04 1.613037456893909621e+04
7.114926834886020515e+03 6.400496463411558580e+03 6.357274438863164505e+03 6.340898316829638134e+03 5.565049950761465880e+03 4.904484306777697384e+03 4.823925910750404000e+03 3.563824345188200823e+03 3.492557186133306459e+03 2.474044059937574275e+03 2.369341714597168902e+03 2.058822046208779284e+03 1.524858861007064661e+03 1.071761478847785838e+03 9.847072076884505805e+02 9.682485106799213099e+02 7.248871426542955305e+02 1.067579870860899973e+02 0.000000000000000000e+00 1.594507463437657862e+02 1.126340867178219924e+03 1.208566986961306611e+03 1.643272262182539635e+03 1.756426822035791702e+03 2.834191741024005751e+03 3.617475402258774920e+03 3.707196502452636196e+03 4.076508301812620630e+03 4.456155505396875014e+03 4.893193149798607919e+03 5.200187026272014919e+03 5.231487591652003175e+03 5.312796418051422734e+03 6.377734656826567516e+03 6.557875673830701999e+03 6.743714486096683686e+03 7.139027674660390403e+03 7.180700032715987618e+03 7.266847153084114325e+03 7.713144076317581494e+03 7.774446046169197871e+03 8.075610176996771770e+03 8.524905615968964412e+03 8.824092476660684042e+03 9.284680735622583597e+03 9.315949232732076780e+03 9.496798750425783510e+03 9.833904097233094944e+03 1.006733052460842009e+04 1.094196423668778516e+04 1.116904038516018045e+04 1.283947293451989390e+04 1.308520902486607883e+04 1.354964965410285367e+04 1.390583658057126740e+04 1.396882494445890188e+04 1.413126518398079133e+04 1.454514693428591272e+04 1.471608979627490044e+04 1.476076747661986519e+04 1.483825600484985989e+04 1.537614689162093418e+04 1.602361658185300621e+04
7.274377581229786301e+03 6.559947209755324366e+03 6.516725185206930291e+03 6.500349063173403920e+03 5.724500697105231666e+03 5.063935053121463170e+03 4.983376657094169786e+03 3.723275091531966609e+03 3.652007932477072245e+03 2.633494806281340061e+03 2.528792460940934689e+03 2.218272792552545070e+03 1.684309607350830447e+03 1.231212225191551624e+03 1.144157954032216367e+03 1.127699257023687096e+03 8.843378889980613167e+02 2.662087334298557835e+02 1.594507463437657862e+02 0.000000000000000000e+00 9.668901208344541374e+02 1.049116240617540825e+03 1.483821515838773848e+03 1.596976075692025915e+03 2.674740994680239965e+03 3.458024655915009134e+03 3.547745756108870410e+03 3.917057555468854844e+03 4.296704759053109228e+03 4.733742403454842133e+03 5.040736279928249132e+03 5.072036845308237389e+03 5.153345671707656948e+03 6.218283910482801730e+03 6.398424927486936213e+03 6.584263739752917900e+03 6.979576928316624617e+03 7.021249286372221832e+03 7.107396406740348539e+03 7.553693329973815707e+03 7.614995299825432085e+03 7.916159430653005984e+03 8.365454869625198626e+03 8.664641730316918256e+03 9.125229989278817811e+03 9.156498486388310994e+03 9.337348004082017724e+03 9.674453350889329158e+03 9.907879778264654306e+03 1.078251349034401937e+04 1.100958963881641466e+04 1.268002218817612811e+04 1.292575827852231305e+04 1.339019890775908789e+04 1.374638583422750162e+04 1.380937419811513610e+04 1.397181443763702555e+04 1.438569618794214693e+04 1.455663904993113465e+04 1.460131673027609941e+04 1.467880525850609411e+04 1.521669614527716840e+04 1.586416583550924042e+04
8.241267702064240439e+03 7.526837330589778503e+03 7.483615306041384429e+03 7.467239184007858057e+03 6.691390817939685803e+03 6.030825173955917307e+03 5.950266777928623924e+03 4.690165212366420747e+03 4.618898053311526382e+03 3.600384927115794198e+03 3.495682581775388826e+03 3.185162913386999207e+03 2.651199728185284584e+03 2.198102346026005762e+03 2.111048074866670504e+03 2.094589377858141233e+03 1.851228009832515454e+03 1.233098854264309921e+03 1.126340867178219924e+03 9.668901208344541374e+02 0.000000000000000000e+00 8.222611978308668768e+01 5.169313950043197110e+02 6.300859548575717781e+02 1.707850873845785827e+03 2.491134535080554997e+03 2.580855635274416272e+03 2.950167434634400706e+03 3.329814638218655091e+03 3.766852282620387996e+03 4.073846159093794995e+03 4.105146724473783252e+03 4.186455550873202810e+03 5.251393789648347592e+03 5.431534806652482075e+03 5.617373618918463762e+03 6.012686807482170479e+03 6.054359165537767694e+03 6.140506285905894401e+03 6.586803209139361570e+03 6.648105178990977947e+03 6.949269309818551847e+03 7.398564748790744488e+03 7.697751609482464119e+03 8.158339868444363674e+03 8.189608365553856856e+03 8.370457883247563586e+03 8.707563230054875021e+03 8.940989657430200168e+03 9.815623369509565237e+03 1.004269951798196053e+04 1.171313206734167397e+04 1.195886815768785891e+04 1.242330878692463375e+04 1.277949571339304748e+04 1.284248407728068196e+04 1.300492431680257141e+04 1.341880606710769280e+04 1.358974892909668051e+04 1.363442660944164527e+04 1.371191513767163997e+04 1.424980602444271426e+04 1.489727571467478629e+04
8.323493821847327126e+03 7.609063450372865191e+03 7.565841425824471116e+03 7.549465303790944745e+03 6.773616937722772491e+03 6.113051293739003995e+03 6.032492897711710611e+03 4.772391332149507434e+03 4.701124173094613070e+03 3.682611046898880886e+03 3.577908701558475514e+03 3.267389033170085895e+03 2.733425847968371272e+03 2.280328465809092449e+03 2.193274194649757192e+03 2.176815497641227921e+03 1.933454129615602142e+03 1.315324974047396609e+03 1.208566986961306611e+03 1.049116240617540825e+03 8.222611978308668768e+01 0.000000000000000000e+00 4.347052752212330233e+02 5.478598350744850904e+02 1.625624754062699139e+03 2.408908415297468309e+03 2.498629515491329585e+03 2.867941314851314019e+03 3.247588518435568403e+03 3.684626162837301308e+03 3.991620039310708307e+03 4.022920604690696564e+03 4.104229431090116123e+03 5.169167669865260905e+03 5.349308686869395387e+03 5.535147499135377075e+03 5.930460687699083792e+03 5.972133045754681007e+03 6.058280166122807714e+03 6.504577089356274882e+03 6.565879059207891260e+03 6.867043190035465159e+03 7.316338629007657801e+03 7.615525489699377431e+03 8.076113748661276986e+03 8.107382245770770169e+03 8.288231763464476899e+03 8.625337110271788333e+03 8.858763537647113480e+03 9.733397249726478549e+03 9.960473398198873838e+03 1.163090594755858729e+04 1.187664203790477222e+04 1.234108266714154706e+04 1.269726959360996079e+04 1.276025795749759527e+04 1.292269819701948472e+04 1.333657994732460611e+04 1.350752280931359383e+04 1.355220048965855858e+04 1.362968901788855328e+04 1.416757990465962757e+04 1.481504959489169960e+04
8.758199097068560150e+03 8.043768725594098214e+03 8.000546701045704140e+03 7.984170579012177768e+03 7.208322212944005514e+03 6.547756568960237018e+03 6.467198172932943635e+03 5.207096607370740458e+03 5.135829448315846093e+03 4.117316322120113909e+03 4.012613976779708537e+03 3.702094308391318918e+03 3.168131123189604295e+03 2.715033741030325473e+03 2.627979469870990215e+03 2.611520772862460944e+03 2.368159404836835165e+03 1.750030249268629632e+03 1.643272262182539635e+03 1.483821515838773848e+03 5.169313950043197110e+02 4.347052752212330233e+02 0.000000000000000000e+00 1.131545598532520671e+02 1.190919478841466116e+03 1.974203140076235286e+03 2.063924240270096561e+03 2.433236039630080995e+03 2.812883243214335380e+03 3.249920887616068285e+03 3.556914764089475284e+03 3.588215329469463541e+03 3.669524155868883099e+03 4.734462394644027881e+03 4.914603411648162364e+03 5.100442223914144051e+03 5.495755412477850768e+03 5.537427770533447983e+03 5.623574890901574690e+03 6.069871814135041859e+03 6.131173783986658236e+03 6.432337914814232136e+03 6.881633353786424777e+03 7.180820214478144408e+03 7.641408473440043963e+03 7.672676970549537145e+03 7.853526488243243875e+03 8.190631835050555310e+03 8.424058262425880457e+03 9.298691974505245526e+03 9.525768122977640814e+03 1.119620067233735426e+04 1.144193676268353920e+04 1.190637739192031404e+04 1.226256431838872777e+04 1.232555268227636225e+04 1.248799292179825170e+04 1.290187467210337309e+04 1.307281753409236080e+04 1.311749521443732556e+04 1.319498374266732026e+04 1.373287462943839455e+04 1.438034431967046658e+04
8.871353656921812217e+03 8.156923285447350281e+03 8.113701260898956207e+03 8.097325138865429835e+03 7.321476772797257581e+03 6.660911128813489086e+03 6.580352732786195702e+03 5.320251167223992525e+03 5.248984008169098161e+03 4.230470881973365977e+03 4.125768536632960604e+03 3.815248868244570986e+03 3.281285683042856363e+03 2.828188300883577540e+03 2.741134029724242282e+03 2.724675332715713012e+03 2.481313964690087232e+03 1.863184809121881699e+03 1.756426822035791702e+03 1.596976075692025915e+03 6.300859548575717781e+02 5.478598350744850904e+02 1.131545598532520671e+02 0.000000000000000000e+00 1.077764918988214049e+03 1.861048580222983219e+03 1.950769680416844494e+03 2.320081479776828928e+03 2.699728683361083313e+03 3.136766327762816218e+03 3.443760204236223217e+03 3.475060769616211473e+03 3.556369596015631032e+03 4.621307834790775814e+03 4.801448851794910297e+03 4.987287664060891984e+03 5.382600852624598701e+03 5.424273210680195916e+03 5.510420331048322623e+03 5.956717254281789792e+03 6.018019224133406169e+03 6.319183354960980068e+03 6.768478793933172710e+03 7.067665654624892341e+03 7.528253913586791896e+03 7.559522410696285078e+03 7.740371928389991808e+03 8.077477275197303243e+03 8.310903702572628390e+03 9.185537414651993458e+03 9.412613563124388747e+03 1.108304611248410220e+04 1.132878220283028713e+04 1.179322283206706197e+04 1.214940975853547570e+04 1.221239812242311018e+04 1.237483836194499963e+04 1.278872011225012102e+04 1.295966297423910873e+04 1.300434065458407349e+04 1.308182918281406819e+04 1.361972006958514248e+04 1.426718975981721451e+04
9.949118575910026266e+03 9.234688204435564330e+03 9.191466179887171165e+03 9.175090057853643884e+03 8.399241691785471630e+03 7.738676047801703135e+03 7.658117651774409751e+03 6.398016086212206574e+03 6.326748927157312210e+03 5.308235800961580026e+03 5.203533455621174653e+03 4.893013787232785035e+03 4.359050602031070412e+03 3.905953219871791589e+03 3.818898948712456331e+03 3.802440251703927061e+03 3.559078883678301281e+03 2.940949728110095748e+03 2.834191741024005751e+03 2.674740994680239965e+03 1.707850873845785827e+03 1.625624754062699139e+03 1.190919478841466116e+03 1.077764918988214049e+03 0.000000000000000000e+00 7.832836612347691698e+02 8.730047614286304452e+02 1.242316560788614879e+03 1.621963764372869264e+03 2.059001408774602169e+03 2.365995285248009168e+03 2.397295850627997424e+03 2.478604677027416983e+03 3.543542915802561765e+03 3.723683932806696248e+03 3.909522745072677935e+03 4.304835933636384652e+03 4.346508291691981867e+03 4.432655412060108574e+03 4.878952335293575743e+03 4.940254305145192120e+03 5.241418435972766019e+03 5.690713874944958661e+03 5.989900735636678291e+03 6.450488994598577847e+03 6.481757491708071029e+03 6.662607009401777759e+03 6.999712356209089194e+03 7.233138783584414341e+03 8.107772495663779409e+03 8.334848644136174698e+03 1.000528119349588815e+04 1.025101728384207308e+04 1.071545791307884792e+04 1.107164483954726165e+04 1.113463320343489613e+04 1.129707344295678558e+04 1.171095519326190697e+04 1.188189805525089469e+04 1.192657573559585944e+04 1.200406426382585414e+04 1.254195515059692843e+04 1.318942484082900046e+04
