0.000000000000000000e+00 3.243608984462626950e+02 1.320474161623038526e+03 2.742920761818104893e+03 2.962363396922653010e+03 3.265289130987301633e+03 3.345151888277273883e+03 3.480828083747914661e+03 3.858082658224737770e+03 3.969964072233880415e+03 5.415333157635205680e+03 5.604704745664872462e+03 5.840269464174763016e+03 6.077349974980644220e+03 7.320457739029127879e+03 7.395515332473241870e+03 7.400566979726560021e+03 7.445718647568409324e+03 8.044635250537306092e+03 8.285191533684310343e+03 8.720542954030061082e+03 8.923194497599053648e+03 9.092847071588010294e+03 9.358780303326679132e+03 9.637243361658318463e+03 1.028473815720668063e+04 1.069880574248505218e+04 1.136084345302351358e+04 1.177186625443218145e+04 1.186969563279111208e+04 1.191282331788517513e+04 1.263241867591334449e+04 1.318783704679910443e+04 1.331832947162571872e+04 1.405333103351292993e+04 1.461814786256196385e+04 1.475259961549331820e+04 1.481740549023497442e+04 1.496412133919262124e+04 1.509592696189803792e+04 1.524589555173528424e+04 1.533820461736205289e+04 1.683900360505489880e+04 1.687565092100717811e+04 1.715445889382965834e+04 1.755257166098878952e+04 1.777238028521377782e+04 1.777975646070547373e+04 1.794249945943305647e+04 1.800907138975583803e+04 1.818260591176474190e+04 1.846017231908596295e+04 1.857457189420497161e+04 1.870358427219984515e+04 1.932432616943212270e+04 1.933544522399137350e+04 1.945893485196630718e+04 1.950090576130624686e+04 2.002212337713680245e+04 2.045452441578207436e+04 2.077694973022496924e+04 2.082854745673618527e+04 2.083328156994126039e+04 2.118448070509448007e+04 2.118763172030801798e+04 2.132793929201339415e+04 2.250644975758712462e+04 2.251922139905299628e+04 2.275255501646811172e+04 2.295178840891082291e+04 2.298453990069742213e+04 2.356718414016391762e+04
3.243608984462626950e+02 0.000000000000000000e+00 9.961132631767759449e+02 2.418559863371842312e+03 2.638002498476390429e+03 2.940928232541039051e+03 3.020790989831011302e+03 3.156467185301652080e+03 3.533721759778475189e+03 3.645603173787617834e+03 5.090972259188942189e+03 5.280343847218609881e+03 5.515908565728499525e+03 5.752989076534380729e+03 6.996096840582864388e+03 7.071154434026979288e+03 7.076206081280297440e+03 7.121357749122145833e+03 7.720274352091042601e+03 7.960830635238047762e+03 8.396182055583798501e+03 8.598833599152791066e+03 8.768486173141747713e+03 9.034419404880416550e+03 9.312882463212055882e+03 9.960377258760418044e+03 1.037444484403878960e+04 1.103648255457725099e+04 1.144750535598591887e+04 1.154533473434484949e+04 1.158846241943891255e+04 1.230805777746708191e+04 1.286347614835284185e+04 1.299396857317945614e+04 1.372897013506666735e+04 1.429378696411570127e+04 1.442823871704705562e+04 1.449304459178871184e+04 1.463976044074635865e+04 1.477156606345177534e+04 1.492153465328902166e+04 1.501384371891579030e+04 1.651464270660863622e+04 1.655129002256091553e+04 1.683009799538339576e+04 1.722821076254252694e+04 1.744801938676751524e+04 1.745539556225921115e+04 1.761813856098679389e+04 1.768471049130957545e+04 1.785824501331847932e+04 1.813581142063970037e+04 1.825021099575870903e+04 1.837922337375358256e+04 1.899996527098586012e+04 1.901108432554511091e+04 1.913457395352004460e+04 1.917654486285998428e+04 1.969776247869053987e+04 2.013016351733581178e+04 2.045258883177870666e+04 2.050418655828992269e+04 2.050892067149499780e+04 2.086011980664821749e+04 2.086327082186175539e+04 2.100357839356713157e+04 2.218208885914086204e+04 2.219486050060673369e+04 2.242819411802184914e+04 2.262742751046456033e+04 2.266017900225115955e+04 2.324282324171765504e+04
1.320474161623038526e+03 9.961132631767759449e+02 0.000000000000000000e+00 1.422446600195066367e+03 1.641889235299614484e+03 1.944814969364263106e+03 2.024677726654235357e+03 2.160353922124876135e+03 2.537608496601699244e+03 2.649489910610841889e+03 4.094858996012166699e+03 4.284230584041833936e+03 4.519795302551723580e+03 4.756875813357604784e+03 5.999983577406088443e+03 6.075041170850203343e+03 6.080092818103521495e+03 6.125244485945369888e+03 6.724161088914266657e+03 6.964717372061271817e+03 7.400068792407022556e+03 7.602720335976015122e+03 7.772372909964971768e+03 8.038306141703640606e+03 8.316769200035279937e+03 8.964263995583642100e+03 9.378331580862013652e+03 1.004036929140047505e+04 1.045139209280914292e+04 1.054922147116807355e+04 1.059234915626213660e+04 1.131194451429030596e+04 1.186736288517606590e+04 1.199785531000268020e+04 1.273285687188989141e+04 1.329767370093892532e+04 1.343212545387027967e+04 1.349693132861193590e+04 1.364364717756958271e+04 1.377545280027499939e+04 1.392542139011224572e+04 1.401773045573901436e+04 1.551852944343186027e+04 1.555517675938413959e+04 1.583398473220661981e+04 1.623209749936575099e+04 1.645190612359073930e+04 1.645928229908243520e+04 1.662202529781001795e+04 1.668859722813279950e+04 1.686213175014170338e+04 1.713969815746292443e+04 1.725409773258193309e+04 1.738311011057680662e+04 1.800385200780908417e+04 1.801497106236833497e+04 1.813846069034326865e+04 1.818043159968320833e+04 1.870164921551376392e+04 1.913405025415903583e+04 1.945647556860193072e+04 1.950807329511314674e+04 1.951280740831822186e+04 1.986400654347144155e+04 1.986715755868497945e+04 2.000746513039035563e+04 2.118597559596408610e+04 2.119874723742995775e+04 2.143208085484507319e+04 2.163131424728778438e+04 2.166406573907438360e+04 2.224670997854087909e+04
2.742920761818104893e+03 2.418559863371842312e+03 1.422446600195066367e+03 0.000000000000000000e+00 2.194426351045481169e+02 5.223683691691967397e+02 6.022311264591689906e+02 7.379073219298097683e+02 1.115161896406632877e+03 1.227043310415775522e+03 2.672412395817100332e+03 2.861783983846767114e+03 3.097348702356657668e+03 3.334429213162538872e+03 4.577536977211022531e+03 4.652594570655136522e+03 4.657646217908454673e+03 4.702797885750303976e+03 5.301714488719200745e+03 5.542270771866205905e+03 5.977622192211956644e+03 6.180273735780949210e+03 6.349926309769905856e+03 6.615859541508574694e+03 6.894322599840214025e+03 7.541817395388576188e+03 7.955884980666947740e+03 8.617922691205409137e+03 9.028945492614077011e+03 9.126774870973007637e+03 9.169902556067070691e+03 9.889497914095240048e+03 1.044491628498099999e+04 1.057540870980761429e+04 1.131041027169482550e+04 1.187522710074385941e+04 1.200967885367521376e+04 1.207448472841686998e+04 1.222120057737451680e+04 1.235300620007993348e+04 1.250297478991717981e+04 1.259528385554394845e+04 1.409608284323679436e+04 1.413273015918907367e+04 1.441153813201155390e+04 1.480965089917068508e+04 1.502945952339567339e+04 1.503683569888736929e+04 1.519957869761495203e+04 1.526615062793773359e+04 1.543968514994663747e+04 1.571725155726785852e+04 1.583165113238686718e+04 1.596066351038174071e+04 1.658140540761401644e+04 1.659252446217327088e+04 1.671601409014820092e+04 1.675798499948814424e+04 1.727920261531869619e+04 1.771160365396396810e+04 1.803402896840686299e+04 1.808562669491807901e+04 1.809036080812315777e+04 1.844155994327637745e+04 1.844471095848991536e+04 1.858501853019528789e+04 1.976352899576901837e+04 1.977630063723489002e+04 2.000963425465000910e+04 2.020886764709271665e+04 2.024161913887931587e+04 2.082426337834581500e+04
2.962363396922653010e+03 2.638002498476390429e+03 1.641889235299614484e+03 2.194426351045481169e+02 0.000000000000000000e+00 3.029257340646486227e+02 3.827884913546208736e+02 5.184646868252616514e+02 8.957192613020847602e+02 1.007600675311227405e+03 2.452969760712552215e+03 2.642341348742218997e+03 2.877906067252109551e+03 3.114986578057990755e+03 4.358094342106474869e+03 4.433151935550587950e+03 4.438203582803906102e+03 4.483355250645756314e+03 5.082271853614653082e+03 5.322828136761658243e+03 5.758179557107408982e+03 5.960831100676401547e+03 6.130483674665358194e+03 6.396416906404027031e+03 6.674879964735666363e+03 7.322374760284028525e+03 7.736442345562400078e+03 8.398480056100861475e+03 8.809502857509529349e+03 8.907332235868459975e+03 8.950459920962523029e+03 9.670055278990692386e+03 1.022547364987645233e+04 1.035596607470306662e+04 1.109096763659027783e+04 1.165578446563931175e+04 1.179023621857066610e+04 1.185504209331232232e+04 1.200175794226996913e+04 1.213356356497538582e+04 1.228353215481263214e+04 1.237584122043940079e+04 1.387664020813224670e+04 1.391328752408452601e+04 1.419209549690700624e+04 1.459020826406613742e+04 1.481001688829112572e+04 1.481739306378282163e+04 1.498013606251040437e+04 1.504670799283318593e+04 1.522024251484208980e+04 1.549780892216331085e+04 1.561220849728231951e+04 1.574122087527719304e+04 1.636196277250947060e+04 1.637308182706872140e+04 1.649657145504365326e+04 1.653854236438359294e+04 1.705975998021414853e+04 1.749216101885942044e+04 1.781458633330231532e+04 1.786618405981353135e+04 1.787091817301860647e+04 1.822211730817182615e+04 1.822526832338536406e+04 1.836557589509074023e+04 1.954408636066447070e+04 1.955685800213034236e+04 1.979019161954545780e+04 1.998942501198816899e+04 2.002217650377476821e+04 2.060482074324126370e+04
3.265289130987301633e+03 2.940928232541039051e+03 1.944814969364263106e+03 5.223683691691967397e+02 3.029257340646486227e+02 0.000000000000000000e+00 7.986275728997225087e+01 2.155389527606130287e+02 5.927935272374361375e+02 7.046749412465787827e+02 2.150044026647903593e+03 2.339415614677570375e+03 2.574980333187460928e+03 2.812060843993342132e+03 4.055168608041825792e+03 4.130226201485939782e+03 4.135277848739257934e+03 4.180429516581107237e+03 4.779346119550004005e+03 5.019902402697009165e+03 5.455253823042759905e+03 5.657905366611752470e+03 5.827557940600709117e+03 6.093491172339377954e+03 6.371954230671017285e+03 7.019449026219379448e+03 7.433516611497751001e+03 8.095554322036212398e+03 8.506577123444880272e+03 8.604406501803810897e+03 8.647534186897873951e+03 9.367129544926043309e+03 9.922547915811803250e+03 1.005304034063841755e+04 1.078804190252562876e+04 1.135285873157466267e+04 1.148731048450601702e+04 1.155211635924767324e+04 1.169883220820532006e+04 1.183063783091073674e+04 1.198060642074798307e+04 1.207291548637475171e+04 1.357371447406759762e+04 1.361036179001987693e+04 1.388916976284235716e+04 1.428728253000148834e+04 1.450709115422647665e+04 1.451446732971817255e+04 1.467721032844575529e+04 1.474378225876853685e+04 1.491731678077744073e+04 1.519488318809866178e+04 1.530928276321767044e+04 1.543829514121254397e+04 1.605903703844482152e+04 1.607015609300407232e+04 1.619364572097900600e+04 1.623561663031894568e+04 1.675683424614950127e+04 1.718923528479477318e+04 1.751166059923766807e+04 1.756325832574888409e+04 1.756799243895395921e+04 1.791919157410717889e+04 1.792234258932071680e+04 1.806265016102609297e+04 1.924116062659982344e+04 1.925393226806569510e+04 1.948726588548081054e+04 1.968649927792352173e+04 1.971925076971012095e+04 2.030189500917661644e+04
3.345151888277273883e+03 3.020790989831011302e+03 2.024677726654235357e+03 6.022311264591689906e+02 3.827884913546208736e+02 7.986275728997225087e+01 0.000000000000000000e+00 1.356761954706407778e+02 5.129307699474638866e+02 6.248121839566065319e+02 2.070181269357931342e+03 2.259552857387598124e+03 2.495117575897488678e+03 2.732198086703369881e+03 3.975305850751853541e+03 4.050363444195967531e+03 4.055415091449285683e+03 4.100566759291134986e+03 4.699483362260031754e+03 4.940039645407036915e+03 5.375391065752787654e+03 5.578042609321780219e+03 5.747695183310736866e+03 6.013628415049405703e+03 6.292091473381045034e+03 6.939586268929407197e+03 7.353653854207778750e+03 8.015691564746240147e+03 8.426714366154908930e+03 8.524543744513837737e+03 8.567671429607900791e+03 9.287266787636071967e+03 9.842685158521831909e+03 9.973177583348446205e+03 1.070817914523565560e+04 1.127299597428469133e+04 1.140744772721604386e+04 1.147225360195770190e+04 1.161896945091534872e+04 1.175077507362076358e+04 1.190074366345801172e+04 1.199305272908477855e+04 1.349385171677762628e+04 1.353049903272990559e+04 1.380930700555238582e+04 1.420741977271151700e+04 1.442722839693650531e+04 1.443460457242820121e+04 1.459734757115578395e+04 1.466391950147856551e+04 1.483745402348746939e+04 1.511502043080869043e+04 1.522942000592769909e+04 1.535843238392257263e+04 1.597917428115485018e+04 1.599029333571410098e+04 1.611378296368903466e+04 1.615575387302897434e+04 1.667697148885952993e+04 1.710937252750480184e+04 1.743179784194769672e+04 1.748339556845891275e+04 1.748812968166398787e+04 1.783932881681720755e+04 1.784247983203074546e+04 1.798278740373612163e+04 1.916129786930985210e+04 1.917406951077572376e+04 1.940740312819083920e+04 1.960663652063355039e+04 1.963938801242014961e+04 2.022203225188664510e+04
3.480828083747914661e+03 3.156467185301652080e+03 2.160353922124876135e+03 7.379073219298097683e+02 5.184646868252616514e+02 2.155389527606130287e+02 1.356761954706407778e+02 0.000000000000000000e+00 3.772545744768231089e+02 4.891359884859657541e+02 1.934505073887290564e+03 2.123876661916957346e+03 2.359441380426847900e+03 2.596521891232729104e+03 3.839629655281212763e+03 3.914687248725326754e+03 3.919738895978644905e+03 3.964890563820494208e+03 4.563807166789390976e+03 4.804363449936396137e+03 5.239714870282146876e+03 5.442366413851139441e+03 5.612018987840096088e+03 5.877952219578764925e+03 6.156415277910404257e+03 6.803910073458766419e+03 7.217977658737137972e+03 7.880015369275599369e+03 8.291038170684267243e+03 8.388867549043197869e+03 8.431995234137260923e+03 9.151590592165430280e+03 9.707008963051190221e+03 9.837501387877804518e+03 1.057250294976501573e+04 1.113731977881404964e+04 1.127177153174540399e+04 1.133657740648706022e+04 1.148329325544470703e+04 1.161509887815012371e+04 1.176506746798737004e+04 1.185737653361413868e+04 1.335817552130698459e+04 1.339482283725926391e+04 1.367363081008174413e+04 1.407174357724087531e+04 1.429155220146586362e+04 1.429892837695755952e+04 1.446167137568514227e+04 1.452824330600792382e+04 1.470177782801682770e+04 1.497934423533804875e+04 1.509374381045705741e+04 1.522275618845193094e+04 1.584349808568420849e+04 1.585461714024345929e+04 1.597810676821839297e+04 1.602007767755833265e+04 1.654129529338888824e+04 1.697369633203416015e+04 1.729612164647705504e+04 1.734771937298827106e+04 1.735245348619334618e+04 1.770365262134656587e+04 1.770680363656010377e+04 1.784711120826547995e+04 1.902562167383921042e+04 1.903839331530508207e+04 1.927172693272019751e+04 1.947096032516290870e+04 1.950371181694950792e+04 2.008635605641600341e+04
3.858082658224737770e+03 3.533721759778475189e+03 2.537608496601699244e+03 1.115161896406632877e+03 8.957192613020847602e+02 5.927935272374361375e+02 5.129307699474638866e+02 3.772545744768231089e+02 0.000000000000000000e+00 1.118814140091426452e+02 1.557250499410467455e+03 1.746622087440134237e+03 1.982186805950024791e+03 2.219267316755905995e+03 3.462375080804389654e+03 3.537432674248503645e+03 3.542484321501821796e+03 3.587635989343671099e+03 4.186552592312567867e+03 4.427108875459573028e+03 4.862460295805323767e+03 5.065111839374316332e+03 5.234764413363272979e+03 5.500697645101941816e+03 5.779160703433581148e+03 6.426655498981943310e+03 6.840723084260314863e+03 7.502760794798776260e+03 7.913783596207444134e+03 8.011612974566374760e+03 8.054740659660437814e+03 8.774336017688607171e+03 9.329754388574367113e+03 9.460246813400981409e+03 1.019524837528819262e+04 1.076006520433722653e+04 1.089451695726858088e+04 1.095932283201023711e+04 1.110603868096788392e+04 1.123784430367330060e+04 1.138781289351054693e+04 1.148012195913731557e+04 1.298092094683016148e+04 1.301756826278244080e+04 1.329637623560492102e+04 1.369448900276405220e+04 1.391429762698904051e+04 1.392167380248073641e+04 1.408441680120831916e+04 1.415098873153110071e+04 1.432452325354000459e+04 1.460208966086122564e+04 1.471648923598023430e+04 1.484550161397510783e+04 1.546624351120738538e+04 1.547736256576663618e+04 1.560085219374156986e+04 1.564282310308150954e+04 1.616404071891206513e+04 1.659644175755733886e+04 1.691886707200023375e+04 1.697046479851144977e+04 1.697519891171652125e+04 1.732639804686974094e+04 1.732954906208327884e+04 1.746985663378865866e+04 1.864836709936238913e+04 1.866113874082826078e+04 1.889447235824337258e+04 1.909370575068608741e+04 1.912645724247268663e+04 1.970910148193917848e+04
3.969964072233880415e+03 3.645603173787617834e+03 2.649489910610841889e+03 1.227043310415775522e+03 1.007600675311227405e+03 7.046749412465787827e+02 6.248121839566065319e+02 4.891359884859657541e+02 1.118814140091426452e+02 0.000000000000000000e+00 1.445369085401324810e+03 1.634740673430991592e+03 1.870305391940882146e+03 2.107385902746763350e+03 3.350493666795247009e+03 3.425551260239361000e+03 3.430602907492679151e+03 3.475754575334528454e+03 4.074671178303425222e+03 4.315227461450430383e+03 4.750578881796181122e+03 4.953230425365173687e+03 5.122882999354130334e+03 5.388816231092799171e+03 5.667279289424438502e+03 6.314774084972800665e+03 6.728841670251172218e+03 7.390879380789633615e+03 7.801902182198301489e+03 7.899731560557232115e+03 7.942859245651295168e+03 8.662454603679463617e+03 9.217872974565223558e+03 9.348365399391837855e+03 1.008336696127905088e+04 1.064818379032808298e+04 1.078263554325943915e+04 1.084744141800109355e+04 1.099415726695874037e+04 1.112596288966415887e+04 1.127593147950140337e+04 1.136824054512817384e+04 1.286903953282101793e+04 1.290568684877329724e+04 1.318449482159577747e+04 1.358260758875490865e+04 1.380241621297989695e+04 1.380979238847159286e+04 1.397253538719917560e+04 1.403910731752195716e+04 1.421264183953086103e+04 1.449020824685208208e+04 1.460460782197109074e+04 1.473362019996596428e+04 1.535436209719824183e+04 1.536548115175749263e+04 1.548897077973242631e+04 1.553094168907236599e+04 1.605215930490292158e+04 1.648456034354819349e+04 1.680698565799108837e+04 1.685858338450230440e+04 1.686331749770737952e+04 1.721451663286059920e+04 1.721766764807413711e+04 1.735797521977951328e+04 1.853648568535324375e+04 1.854925732681911541e+04 1.878259094423423085e+04 1.898182433667694204e+04 1.901457582846354126e+04 1.959722006793003675e+04
5.415333157635205680e+03 5.090972259188942189e+03 4.094858996012166699e+03 2.672412395817100332e+03 2.452969760712552215e+03 2.150044026647903593e+03 2.070181269357931342e+03 1.934505073887290564e+03 1.557250499410467455e+03 1.445369085401324810e+03 0.000000000000000000e+00 1.893715880296667819e+02 4.249363065395573358e+02 6.620168173454385396e+02 1.905124581393922199e+03 1.980182174838036190e+03 1.985233822091354341e+03 2.030385489933203644e+03 2.629302092902100412e+03 2.869858376049105573e+03 3.305209796394856312e+03 3.507861339963848877e+03 3.677513913952805524e+03 3.943447145691474361e+03 4.221910204023113693e+03 4.869404999571475855e+03 5.283472584849847408e+03 5.945510295388308805e+03 6.356533096796976679e+03 6.454362475155907305e+03 6.497490160249970359e+03 7.217085518278139716e+03 7.772503889163899657e+03 7.902996313990513954e+03 8.637997875877725164e+03 9.202814704926759077e+03 9.337266457858113426e+03 9.402072332599769652e+03 9.548788181557416465e+03 9.680593804262833146e+03 9.830562394100079473e+03 9.922871459726848116e+03 1.142367044741969403e+04 1.146031776337197334e+04 1.173912573619445357e+04 1.213723850335358475e+04 1.235704712757857305e+04 1.236442330307026896e+04 1.252716630179785170e+04 1.259373823212063326e+04 1.276727275412953713e+04 1.304483916145075818e+04 1.315923873656976684e+04 1.328825111456464037e+04 1.390899301179691793e+04 1.392011206635616873e+04 1.404360169433110241e+04 1.408557260367104209e+04 1.460679021950159768e+04 1.503919125814686959e+04 1.536161657258976447e+04 1.541321429910098050e+04 1.541794841230605562e+04 1.576914754745927530e+04 1.577229856267281320e+04 1.591260613437818938e+04 1.709111659995192167e+04 1.710388824141779332e+04 1.733722185883290513e+04 1.753645525127561996e+04 1.756920674306221918e+04 1.815185098252871103e+04
5.604704745664872462e+03 5.280343847218609881e+03 4.284230584041833936e+03 2.861783983846767114e+03 2.642341348742218997e+03 2.339415614677570375e+03 2.259552857387598124e+03 2.123876661916957346e+03 1.746622087440134237e+03 1.634740673430991592e+03 1.893715880296667819e+02 0.000000000000000000e+00 2.355647185098905538e+02 4.726452293157717577e+02 1.715752993364255417e+03 1.790810586808369408e+03 1.795862234061687559e+03 1.841013901903536862e+03 2.439930504872433630e+03 2.680486788019438791e+03 3.115838208365189530e+03 3.318489751934182095e+03 3.488142325923138742e+03 3.754075557661807579e+03 4.032538615993446911e+03 4.680033411541809073e+03 5.094100996820180626e+03 5.756138707358642023e+03 6.167161508767309897e+03 6.264990887126240523e+03 6.308118572220303577e+03 7.027713930248472934e+03 7.583132301134232875e+03 7.713624725960847172e+03 8.448626287848059292e+03 9.013443116897091386e+03 9.147894869828447554e+03 9.212700744570101961e+03 9.359416593527748773e+03 9.491222216233167273e+03 9.641190806070411782e+03 9.733499871697182243e+03 1.123429885939002634e+04 1.127094617534230565e+04 1.154975414816478587e+04 1.194786691532391706e+04 1.216767553954890536e+04 1.217505171504060127e+04 1.233779471376818401e+04 1.240436664409096556e+04 1.257790116609986944e+04 1.285546757342109049e+04 1.296986714854009915e+04 1.309887952653497268e+04 1.371962142376725023e+04 1.373074047832650103e+04 1.385423010630143472e+04 1.389620101564137440e+04 1.441741863147192998e+04 1.484981967011720189e+04 1.517224498456009678e+04 1.522384271107131281e+04 1.522857682427638792e+04 1.557977595942960761e+04 1.558292697464314551e+04 1.572323454634852169e+04 1.690174501192225216e+04 1.691451665338812381e+04 1.714785027080323925e+04 1.734708366324595045e+04 1.737983515503254966e+04 1.796247939449904516e+04
5.840269464174763016e+03 5.515908565728499525e+03 4.519795302551723580e+03 3.097348702356657668e+03 2.877906067252109551e+03 2.574980333187460928e+03 2.495117575897488678e+03 2.359441380426847900e+03 1.982186805950024791e+03 1.870305391940882146e+03 4.249363065395573358e+02 2.355647185098905538e+02 0.000000000000000000e+00 2.370805108058812039e+02 1.480188274854364863e+03 1.555245868298478854e+03 1.560297515551797005e+03 1.605449183393646308e+03 2.204365786362543076e+03 2.444922069509548237e+03 2.880273489855298976e+03 3.082925033424291541e+03 3.252577607413248188e+03 3.518510839151917025e+03 3.796973897483556357e+03 4.444468693031918519e+03 4.858536278310290072e+03 5.520573988848751469e+03 5.931596790257419343e+03 6.029426168616349969e+03 6.072553853710413023e+03 6.792149211738582380e+03 7.347567582624342322e+03 7.478060007450956618e+03 8.213061569338167828e+03 8.777878398387201742e+03 8.912330151318556091e+03 8.977136026060212316e+03 9.123851875017859129e+03 9.255657497723275810e+03 9.405626087560522137e+03 9.497935153187290780e+03 1.099873414088013669e+04 1.103538145683241601e+04 1.131418942965489623e+04 1.171230219681402741e+04 1.193211082103901572e+04 1.193948699653071162e+04 1.210222999525829437e+04 1.216880192558107592e+04 1.234233644758997980e+04 1.261990285491120085e+04 1.273430243003020951e+04 1.286331480802508304e+04 1.348405670525736059e+04 1.349517575981661139e+04 1.361866538779154507e+04 1.366063629713148475e+04 1.418185391296204034e+04 1.461425495160731225e+04 1.493668026605020714e+04 1.498827799256142316e+04 1.499301210576649828e+04 1.534421124091971797e+04 1.534736225613325587e+04 1.548766982783863205e+04 1.666618029341236252e+04 1.667895193487823417e+04 1.691228555229334961e+04 1.711151894473606080e+04 1.714427043652266002e+04 1.772691467598915551e+04
6.077349974980644220e+03 5.752989076534380729e+03 4.756875813357604784e+03 3.334429213162538872e+03 3.114986578057990755e+03 2.812060843993342132e+03 2.732198086703369881e+03 2.596521891232729104e+03 2.219267316755905995e+03 2.107385902746763350e+03 6.620168173454385396e+02 4.726452293157717577e+02 2.370805108058812039e+02 0.000000000000000000e+00 1.243107764048483659e+03 1.318165357492597650e+03 1.323217004745915801e+03 1.368368672587765104e+03 1.967285275556661873e+03 2.207841558703667033e+03 2.643192979049417772e+03 2.845844522618410338e+03 3.015497096607366984e+03 3.281430328346035822e+03 3.559893386677675153e+03 4.207388182226037316e+03 4.621455767504408868e+03 5.283493478042870265e+03 5.694516279451538139e+03 5.792345657810468765e+03 5.835473342904531819e+03 6.555068700932701176e+03 7.110487071818461118e+03 7.240979496645075415e+03 7.975981058532286625e+03 8.540797887581320538e+03 8.675249640512674887e+03 8.740055515254331112e+03 8.886771364211977925e+03 9.018576986917394606e+03 9.168545576754640933e+03 9.260854642381409576e+03 1.076165363007425549e+04 1.079830094602653480e+04 1.107710891884901503e+04 1.147522168600814621e+04 1.169503031023313451e+04 1.170240648572483042e+04 1.186514948445241316e+04 1.193172141477519472e+04 1.210525593678409859e+04 1.238282234410531964e+04 1.249722191922432830e+04 1.262623429721920184e+04 1.324697619445147939e+04 1.325809524901073019e+04 1.338158487698566387e+04 1.342355578632560355e+04 1.394477340215615914e+04 1.437717444080143105e+04 1.469959975524432593e+04 1.475119748175554196e+04 1.475593159496061708e+04 1.510713073011383676e+04 1.511028174532737467e+04 1.525058931703275084e+04 1.642909978260648131e+04 1.644187142407235297e+04 1.667520504148746841e+04 1.687443843393017960e+04 1.690718992571677882e+04 1.748983416518327431e+04
7.320457739029127879e+03 6.996096840582864388e+03 5.999983577406088443e+03 4.577536977211022531e+03 4.358094342106474869e+03 4.055168608041825792e+03 3.975305850751853541e+03 3.839629655281212763e+03 3.462375080804389654e+03 3.350493666795247009e+03 1.905124581393922199e+03 1.715752993364255417e+03 1.480188274854364863e+03 1.243107764048483659e+03 0.000000000000000000e+00 7.505759344411399070e+01 8.010924069743214204e+01 1.252609085392814450e+02 7.241775115081782133e+02 9.647337946551833738e+02 1.400085215000934113e+03 1.602736758569926678e+03 1.772389332558883325e+03 2.038322564297552162e+03 2.316785622629191494e+03 2.964280418177553656e+03 3.378348003455925209e+03 4.040385713994386606e+03 4.451408515403054480e+03 4.549237893761985106e+03 4.592365578856048160e+03 5.311960936884217517e+03 5.867379307769977459e+03 5.997871732596591755e+03 6.732873294483802965e+03 7.297690123532836878e+03 7.432141876464191228e+03 7.496947751205847453e+03 7.643663600163494266e+03 7.775469222868910947e+03 7.925437812706157274e+03 8.017746878332925917e+03 9.518545866025771829e+03 9.555193181978051143e+03 9.834001154800531367e+03 1.023211392195966255e+04 1.045192254618465086e+04 1.045929872167634676e+04 1.062204172040392950e+04 1.068861365072671106e+04 1.086214817273561493e+04 1.113971458005683598e+04 1.125411415517584464e+04 1.138312653317071818e+04 1.200386843040299573e+04 1.201498748496224653e+04 1.213847711293718021e+04 1.218044802227711989e+04 1.270166563810767548e+04 1.313406667675294739e+04 1.345649199119584227e+04 1.350808971770705830e+04 1.351282383091213342e+04 1.386402296606535310e+04 1.386717398127889101e+04 1.400748155298426718e+04 1.518599201855799765e+04 1.519876366002386931e+04 1.543209727743898475e+04 1.563133066988169594e+04 1.566408216166829516e+04 1.624672640113479065e+04
7.395515332473241870e+03 7.071154434026979288e+03 6.075041170850203343e+03 4.652594570655136522e+03 4.433151935550587950e+03 4.130226201485939782e+03 4.050363444195967531e+03 3.914687248725326754e+03 3.537432674248503645e+03 3.425551260239361000e+03 1.980182174838036190e+03 1.790810586808369408e+03 1.555245868298478854e+03 1.318165357492597650e+03 7.505759344411399070e+01 0.000000000000000000e+00 5.051647253318151343e+00 5.020331509516745427e+01 6.491199180640642226e+02 8.896762012110693831e+02 1.325027621556820122e+03 1.527679165125812688e+03 1.697331739114769334e+03 1.963264970853438172e+03 2.241728029185077503e+03 2.889222824733439666e+03 3.303290410011811218e+03 3.965328120550272615e+03 4.376350921958940489e+03 4.474180300317871115e+03 4.517307985411934169e+03 5.236903343440103527e+03 5.792321714325863468e+03 5.922814139152477765e+03 6.657815701039688975e+03 7.222632530088722888e+03 7.357084283020077237e+03 7.421890157761733462e+03 7.568606006719380275e+03 7.700411629424796956e+03 7.850380219262043283e+03 7.942689284888811926e+03 9.443488272581656929e+03 9.480135588533936243e+03 9.758943561356416467e+03 1.015705632851554765e+04 1.037686495274053595e+04 1.038424112823223186e+04 1.054698412695981460e+04 1.061355605728259616e+04 1.078709057929150003e+04 1.106465698661272108e+04 1.117905656173172974e+04 1.130806893972660328e+04 1.192881083695888083e+04 1.193992989151813163e+04 1.206341951949306531e+04 1.210539042883300499e+04 1.262660804466356058e+04 1.305900908330883249e+04 1.338143439775172737e+04 1.343303212426294340e+04 1.343776623746801852e+04 1.378896537262123820e+04 1.379211638783477611e+04 1.393242395954015228e+04 1.511093442511388275e+04 1.512370606657975441e+04 1.535703968399486985e+04 1.555627307643758104e+04 1.558902456822418026e+04 1.617166880769067575e+04
7.400566979726560021e+03 7.076206081280297440e+03 6.080092818103521495e+03 4.657646217908454673e+03 4.438203582803906102e+03 4.135277848739257934e+03 4.055415091449285683e+03 3.919738895978644905e+03 3.542484321501821796e+03 3.430602907492679151e+03 1.985233822091354341e+03 1.795862234061687559e+03 1.560297515551797005e+03 1.323217004745915801e+03 8.010924069743214204e+01 5.051647253318151343e+00 0.000000000000000000e+00 4.515166784184930293e+01 6.440682708107460712e+02 8.846245539577512318e+02 1.319975974303501971e+03 1.522627517872494536e+03 1.692280091861451183e+03 1.958213323600120020e+03 2.236676381931759352e+03 2.884171177480121514e+03 3.298238762758493067e+03 3.960276473296954464e+03 4.371299274705622338e+03 4.469128653064552964e+03 4.512256338158616018e+03 5.231851696186785375e+03 5.787270067072545316e+03 5.917762491899159613e+03 6.652764053786370823e+03 7.217580882835404736e+03 7.352032635766759086e+03 7.416838510508415311e+03 7.563554359466062124e+03 7.695359982171478805e+03 7.845328572008725132e+03 7.937637637635493775e+03 9.438436625328340597e+03 9.475083941280619911e+03 9.753891914103100135e+03 1.015200468126223132e+04 1.037181330548721962e+04 1.037918948097891553e+04 1.054193247970649827e+04 1.060850441002927982e+04 1.078203893203818370e+04 1.105960533935940475e+04 1.117400491447841341e+04 1.130301729247328694e+04 1.192375918970556449e+04 1.193487824426481529e+04 1.205836787223974898e+04 1.210033878157968866e+04 1.262155639741024424e+04 1.305395743605551615e+04 1.337638275049841104e+04 1.342798047700962707e+04 1.343271459021470218e+04 1.378391372536792187e+04 1.378706474058145977e+04 1.392737231228683595e+04 1.510588277786056642e+04 1.511865441932643807e+04 1.535198803674155351e+04 1.555122142918426471e+04 1.558397292097086392e+04 1.616661716043735942e+04
7.445718647568409324e+03 7.121357749122145833e+03 6.125244485945369888e+03 4.702797885750303976e+03 4.483355250645756314e+03 4.180429516581107237e+03 4.100566759291134986e+03 3.964890563820494208e+03 3.587635989343671099e+03 3.475754575334528454e+03 2.030385489933203644e+03 1.841013901903536862e+03 1.605449183393646308e+03 1.368368672587765104e+03 1.252609085392814450e+02 5.020331509516745427e+01 4.515166784184930293e+01 0.000000000000000000e+00 5.989166029688967683e+02 8.394728861159019289e+02 1.274824306461652668e+03 1.477475850030645233e+03 1.647128424019601880e+03 1.913061655758270717e+03 2.191524714089910049e+03 2.839019509638272211e+03 3.253087094916643764e+03 3.915124805455105161e+03 4.326147606863773035e+03 4.423976985222703661e+03 4.467104670316766715e+03 5.186700028344936072e+03 5.742118399230696014e+03 5.872610824057310310e+03 6.607612385944521520e+03 7.172429214993555433e+03 7.306880967924909783e+03 7.371686842666566008e+03 7.518402691624212821e+03 7.650208314329629502e+03 7.800176904166875829e+03 7.892485969793644472e+03 9.393284957486490384e+03 9.429932273438769698e+03 9.708740246261249922e+03 1.010685301342038110e+04 1.032666163764536941e+04 1.033403781313706531e+04 1.049678081186464806e+04 1.056335274218742961e+04 1.073688726419633349e+04 1.101445367151755454e+04 1.112885324663656320e+04 1.125786562463143673e+04 1.187860752186371428e+04 1.188972657642296508e+04 1.201321620439789876e+04 1.205518711373783844e+04 1.257640472956839403e+04 1.300880576821366594e+04 1.333123108265656083e+04 1.338282880916777685e+04 1.338756292237285197e+04 1.373876205752607166e+04 1.374191307273960956e+04 1.388222064444498574e+04 1.506073111001871621e+04 1.507350275148458786e+04 1.530683636889970330e+04 1.550606976134241449e+04 1.553882125312901371e+04 1.612146549259550920e+04
8.044635250537306092e+03 7.720274352091042601e+03 6.724161088914266657e+03 5.301714488719200745e+03 5.082271853614653082e+03 4.779346119550004005e+03 4.699483362260031754e+03 4.563807166789390976e+03 4.186552592312567867e+03 4.074671178303425222e+03 2.629302092902100412e+03 2.439930504872433630e+03 2.204365786362543076e+03 1.967285275556661873e+03 7.241775115081782133e+02 6.491199180640642226e+02 6.440682708107460712e+02 5.989166029688967683e+02 0.000000000000000000e+00 2.405562831470051606e+02 6.759077034927558998e+02 8.785592470617484651e+02 1.048211821050705112e+03 1.314145052789373949e+03 1.592608111121013280e+03 2.240102906669375443e+03 2.654170491947746996e+03 3.316208202486208393e+03 3.727231003894876267e+03 3.825060382253806893e+03 3.868188067347869946e+03 4.587783425376039304e+03 5.143201796261799245e+03 5.273694221088413542e+03 6.008695782975624752e+03 6.573512612024658665e+03 6.707964364956013014e+03 6.772770239697669240e+03 6.919486088655316053e+03 7.051291711360732734e+03 7.201260301197979061e+03 7.293569366824747704e+03 8.794368354517593616e+03 8.831015670469872930e+03 9.109823643292353154e+03 9.507936410451484335e+03 9.727745034676472642e+03 9.735121210168168545e+03 9.897864208895751290e+03 9.964436139218532844e+03 1.013797066122743672e+04 1.041553706854865777e+04 1.052993664366766643e+04 1.065894902166253996e+04 1.127969091889481751e+04 1.129080997345406831e+04 1.141429960142900200e+04 1.145627051076894168e+04 1.197748812659949726e+04 1.240988916524476917e+04 1.273231447968766406e+04 1.278391220619888009e+04 1.278864631940395520e+04 1.313984545455717489e+04 1.314299646977071279e+04 1.328330404147608897e+04 1.446181450704981944e+04 1.447458614851569109e+04 1.470791976593080653e+04 1.490715315837351773e+04 1.493990465016011694e+04 1.552254888962661244e+04
8.285191533684310343e+03 7.960830635238047762e+03 6.964717372061271817e+03 5.542270771866205905e+03 5.322828136761658243e+03 5.019902402697009165e+03 4.940039645407036915e+03 4.804363449936396137e+03 4.427108875459573028e+03 4.315227461450430383e+03 2.869858376049105573e+03 2.680486788019438791e+03 2.444922069509548237e+03 2.207841558703667033e+03 9.647337946551833738e+02 8.896762012110693831e+02 8.846245539577512318e+02 8.394728861159019289e+02 2.405562831470051606e+02 0.000000000000000000e+00 4.353514203457507392e+02 6.380029639147433045e+02 8.076555379036999511e+02 1.073588769642368788e+03 1.352051827974008120e+03 1.999546623522370282e+03 2.413614208800741835e+03 3.075651919339203232e+03 3.486674720747871106e+03 3.584504099106801732e+03 3.627631784200864786e+03 4.347227142229034143e+03 4.902645513114794085e+03 5.033137937941408381e+03 5.768139499828619591e+03 6.332956328877653505e+03 6.467408081809007854e+03 6.532213956550664079e+03 6.678929805508310892e+03 6.810735428213727573e+03 6.960704018050973900e+03 7.053013083677742543e+03 8.553812071370588455e+03 8.590459387322867769e+03 8.869267360145347993e+03 9.267380127304479174e+03 9.487188751529467481e+03 9.494564927021163385e+03 9.657307925748746129e+03 9.723879856071527684e+03 9.897414378080431561e+03 1.017498078540165261e+04 1.028938036052066127e+04 1.041839273851553480e+04 1.103913463574781235e+04 1.105025369030706315e+04 1.117374331828199684e+04 1.121571422762193652e+04 1.173693184345249210e+04 1.216933288209776401e+04 1.249175819654065890e+04 1.254335592305187492e+04 1.254809003625695004e+04 1.289928917141016973e+04 1.290244018662370763e+04 1.304274775832908381e+04 1.422125822390281428e+04 1.423402986536868593e+04 1.446736348278380137e+04 1.466659687522651257e+04 1.469934836701311178e+04 1.528199260647960728e+04
8.720542954030061082e+03 8.396182055583798501e+03 7.400068792407022556e+03 5.977622192211956644e+03 5.758179557107408982e+03 5.455253823042759905e+03 5.375391065752787654e+03 5.239714870282146876e+03 4.862460295805323767e+03 4.750578881796181122e+03 3.305209796394856312e+03 3.115838208365189530e+03 2.880273489855298976e+03 2.643192979049417772e+03 1.400085215000934113e+03 1.325027621556820122e+03 1.319975974303501971e+03 1.274824306461652668e+03 6.759077034927558998e+02 4.353514203457507392e+02 0.000000000000000000e+00 2.026515435689925653e+02 3.723041175579492119e+02 6.382373492966180493e+02 9.167004076282573806e+02 1.564195203176619543e+03 1.978262788454991096e+03 2.640300498993452493e+03 3.051323300402120367e+03 3.149152678761050993e+03 3.192280363855114047e+03 3.911875721883283404e+03 4.467294092769043345e+03 4.597786517595657642e+03 5.332788079482868852e+03 5.897604908531902765e+03 6.032056661463257115e+03 6.096862536204913340e+03 6.243578385162560153e+03 6.375384007867976834e+03 6.525352597705223161e+03 6.617661663331991804e+03 8.118460651024837716e+03 8.155107966977117030e+03 8.433915939799597254e+03 8.832028706958728435e+03 9.051837331183716742e+03 9.059213506675412646e+03 9.221956505402995390e+03 9.288528435725776944e+03 9.462062957734680822e+03 9.739629365055901872e+03 9.854028940174910531e+03 9.983041318169784063e+03 1.060378321540206161e+04 1.061490226996131241e+04 1.073839189793624610e+04 1.078036280727618578e+04 1.130158042310674136e+04 1.173398146175201327e+04 1.205640677619490816e+04 1.210800450270612419e+04 1.211273861591119930e+04 1.246393775106441899e+04 1.246708876627795689e+04 1.260739633798333307e+04 1.378590680355706354e+04 1.379867844502293519e+04 1.403201206243805063e+04 1.423124545488076183e+04 1.426399694666736104e+04 1.484664118613385654e+04
8.923194497599053648e+03 8.598833599152791066e+03 7.602720335976015122e+03 6.180273735780949210e+03 5.960831100676401547e+03 5.657905366611752470e+03 5.578042609321780219e+03 5.442366413851139441e+03 5.065111839374316332e+03 4.953230425365173687e+03 3.507861339963848877e+03 3.318489751934182095e+03 3.082925033424291541e+03 2.845844522618410338e+03 1.602736758569926678e+03 1.527679165125812688e+03 1.522627517872494536e+03 1.477475850030645233e+03 8.785592470617484651e+02 6.380029639147433045e+02 2.026515435689925653e+02 0.000000000000000000e+00 1.696525739889566466e+02 4.355858057276254840e+02 7.140488640592648153e+02 1.361543659607626978e+03 1.775611244885998531e+03 2.437648955424459928e+03 2.848671756833127802e+03 2.946501135192058427e+03 2.989628820286121481e+03 3.709224178314290839e+03 4.264642549200050780e+03 4.395134974026665077e+03 5.130136535913876287e+03 5.694953364962910200e+03 5.829405117894264549e+03 5.894210992635920775e+03 6.040926841593567588e+03 6.172732464298984269e+03 6.322701054136230596e+03 6.415010119762999238e+03 7.915809107455845151e+03 7.952456423408124465e+03 8.231264396230604689e+03 8.629377163389735870e+03 8.849185787614724177e+03 8.856561963106420080e+03 9.019304961834002825e+03 9.085876892156784379e+03 9.259411414165688257e+03 9.536977821486909306e+03 9.651377396605917966e+03 9.780389774600791498e+03 1.040113167183306905e+04 1.041225072639231985e+04 1.053574035436725353e+04 1.057771126370719321e+04 1.109892887953774880e+04 1.153132991818302071e+04 1.185375523262591560e+04 1.190535295913713162e+04 1.191008707234220674e+04 1.226128620749542642e+04 1.226443722270896433e+04 1.240474479441434050e+04 1.358325525998807097e+04 1.359602690145394263e+04 1.382936051886905807e+04 1.402859391131176926e+04 1.406134540309836848e+04 1.464398964256486397e+04
