0.000000000000000000e+00 2.057478462123356167e+01 1.884222820391286177e+02 2.728970579793084426e+02 7.023149142469982280e+02 8.949481565961021943e+02 9.034889612518328477e+02 9.286833260659415146e+02 1.228114710151597137e+03 1.278621788182236742e+03 1.568652576346822570e+03 1.610495443550955770e+03 1.714820437088981180e+03 1.994291781236971929e+03 2.074396184138757690e+03 2.271594398509647363e+03 2.302343097598136865e+03 2.347764603140704821e+03 2.661892932186775397e+03 2.731672407876683337e+03 2.742757679146712235e+03 2.806786479964326645e+03 2.810811747476253913e+03 3.137196013418807524e+03 4.031269436181269157e+03 4.290361513662092875e+03 4.424717421242071396e+03 4.439303125171757529e+03 4.441496518685488809e+03 4.677026233893668177e+03 4.732679315356406732e+03 4.747354166860633086e+03 4.841123663638386461e+03 4.887455805518077796e+03 4.954430504472105895e+03 5.113589475176572705e+03 5.151085876446016300e+03 5.222601477384399914e+03 5.247435297738659756e+03 5.387417578625142596e+03 6.123779921126830232e+03 6.577361052435763668e+03 6.654735995502152036e+03 6.686444195539235807e+03 6.700850182491295527e+03 6.807716089346386980e+03 7.096828068807223644e+03 7.170907187115912166e+03 7.401082899213421115e+03 7.868125912072736355e+03 8.246662187348807493e+03 8.553489851964965055e+03 8.792772747434841222e+03 8.964820279319710608e+03 9.292215182159548931e+03 9.604507233993090267e+03 9.814095362769963685e+03 1.024994910443102526e+04 1.035492826117320874e+04 1.064225013665351071e+04 1.069838214766591227e+04 1.100093189236070430e+04 1.120829023825661170e+04 1.141234576101315724e+04 1.154490508818899798e+04 1.231339210974884736e+04 1.242056854312766518e+04 1.298060508290995676e+04 1.319383169029803139e+04 1.329574769160783762e+04 1.330678349225682723e+04 1.373537366911382560e+04 1.410542104629578898e+04 1.428896749499653924e+04 1.460913346361006370e+04 1.462845320278570944e+04 1.469524366878805267e+04 1.479377464553467144e+04 1.502214801511849873e+04 1.510979435348067091e+04 1.516181591076401673e+04 1.529288045447820878e+04 1.641952320705769307e+04 1.678486521539371461e+04 1.690352642391354311e+04 1.699751372136022837e+04 1.700113873560813954e+04 1.704817712793793544e+04 1.718133455445800791e+04 1.765638851799625263e+04 1.772488948684870411e+04 1.788270121072320035e+04 1.811136984847208078e+04 1.823073197022539534e+04 1.863604450310895481e+04 1.896187658141049178e+04 1.920777902290794009e+04 1.943062645306355989e+04 1.945586655968701234e+04 1.946348116024673800e+04 1.980144301784811614e+04 1.981824342841183534e+04 2.009175295246463429e+04 2.010345764098004656e+04 2.015417508031435864e+04 2.033060029246745398e+04 2.077541311259677968e+04 2.118585873666521366e+04 2.128876564011980736e+04 2.207615877028353862e+04 2.213925341279851637e+04 2.222071329625176440e+04 2.231069109709161421e+04 2.257767592741220506e+04 2.265134349134346849e+04 2.278375367785176059e+04 2.279928637438637088e+04 2.285987376760684128e+04 2.287703005751260207e+04 2.291603749364987743e+04 2.292286413377987992e+04 2.314038640091510024e+04 2.317148897312482586e+04 2.341364508359594038e+04 2.346305417603089154e+04 2.382942133475331866e+04 2.386825360058131628e+04 2.387106782258864405e+04 2.390070704632446359e+04 2.425952940578473499e+04 2.431048652253827095e+04
2.057478462123356167e+01 0.000000000000000000e+00 1.678474974178950561e+02 2.523222733580748809e+02 6.817401296257646663e+02 8.743733719748686326e+02 8.829141766305992860e+02 9.081085414447079529e+02 1.207539925530363462e+03 1.258047003561003066e+03 1.548077791725588895e+03 1.589920658929722094e+03 1.694245652467747504e+03 1.973716996615738253e+03 2.053821399517523787e+03 2.251019613888413915e+03 2.281768312976902962e+03 2.327189818519471373e+03 2.641318147565541949e+03 2.711097623255449435e+03 2.722182894525478332e+03 2.786211695343093197e+03 2.790236962855020465e+03 3.116621228797574076e+03 4.010694651560035709e+03 4.269786729040859427e+03 4.404142636620837948e+03 4.418728340550524081e+03 4.420921734064255361e+03 4.656451449272434729e+03 4.712104530735173284e+03 4.726779382239399638e+03 4.820548879017153013e+03 4.866881020896844348e+03 4.933855719850872447e+03 5.093014690555339257e+03 5.130511091824782852e+03 5.202026692763166466e+03 5.226860513117426308e+03 5.366842794003909148e+03 6.103205136505596784e+03 6.556786267814530220e+03 6.634161210880918588e+03 6.665869410918002359e+03 6.680275397870062079e+03 6.787141304725153532e+03 7.076253284185990196e+03 7.150332402494678718e+03 7.380508114592187667e+03 7.847551127451502907e+03 8.226087402727574954e+03 8.532915067343732517e+03 8.772197962813608683e+03 8.944245494698478069e+03 9.271640397538316392e+03 9.583932449371857729e+03 9.793520578148731147e+03 1.022937431980979272e+04 1.033435347655197620e+04 1.062167535203227817e+04 1.067780736304467973e+04 1.098035710773947176e+04 1.118771545363537916e+04 1.139177097639192471e+04 1.152433030356776544e+04 1.229281732512761482e+04 1.239999375850643264e+04 1.296003029828872423e+04 1.317325690567679885e+04 1.327517290698660508e+04 1.328620870763559469e+04 1.371479888449259306e+04 1.408484626167455644e+04 1.426839271037530671e+04 1.458855867898883116e+04 1.460787841816447690e+04 1.467466888416682013e+04 1.477319986091343890e+04 1.500157323049726620e+04 1.508921956885943837e+04 1.514124112614278420e+04 1.527230566985697624e+04 1.639894842243645689e+04 1.676429043077247843e+04 1.688295163929230694e+04 1.697693893673899220e+04 1.698056395098690336e+04 1.702760234331669926e+04 1.716075976983677174e+04 1.763581373337501645e+04 1.770431470222746793e+04 1.786212642610196417e+04 1.809079506385084460e+04 1.821015718560415917e+04 1.861546971848771864e+04 1.894130179678925560e+04 1.918720423828670391e+04 1.941005166844232372e+04 1.943529177506577616e+04 1.944290637562550182e+04 1.978086823322687997e+04 1.979766864379059916e+04 2.007117816784339811e+04 2.008288285635881039e+04 2.013360029569312246e+04 2.031002550784621781e+04 2.075483832797554351e+04 2.116528395204397748e+04 2.126819085549857118e+04 2.205558398566230244e+04 2.211867862817728019e+04 2.220013851163052823e+04 2.229011631247037803e+04 2.255710114279096888e+04 2.263076870672223231e+04 2.276317889323052441e+04 2.277871158976513470e+04 2.283929898298560511e+04 2.285645527289136589e+04 2.289546270902864126e+04 2.290228934915864374e+04 2.311981161629386406e+04 2.315091418850358968e+04 2.339307029897470420e+04 2.344247939140965536e+04 2.380884655013208248e+04 2.384767881596008010e+04 2.385049303796740787e+04 2.388013226170322741e+04 2.423895462116349881e+04 2.428991173791703477e+04
1.884222820391286177e+02 1.678474974178950561e+02 0.000000000000000000e+00 8.447477594017982483e+01 5.138926322078696103e+02 7.065258745569735765e+02 7.150666792127042299e+02 7.402610440268128968e+02 1.039692428112468406e+03 1.090199506143108010e+03 1.380230294307693839e+03 1.422073161511827038e+03 1.526398155049852448e+03 1.805869499197843197e+03 1.885973902099628958e+03 2.083172116470518631e+03 2.113920815559008133e+03 2.159342321101576090e+03 2.473470650147646666e+03 2.543250125837554606e+03 2.554335397107583503e+03 2.618364197925197914e+03 2.622389465437125182e+03 2.948773731379678793e+03 3.842847154142140425e+03 4.101939231622964144e+03 4.236295139202942664e+03 4.250880843132628797e+03 4.253074236646360077e+03 4.488603951854539446e+03 4.544257033317278001e+03 4.558931884821504354e+03 4.652701381599257729e+03 4.699033523478949064e+03 4.766008222432977163e+03 4.925167193137443974e+03 4.962663594406887569e+03 5.034179195345271182e+03 5.059013015699531024e+03 5.198995296586013865e+03 5.935357639087701500e+03 6.388938770396634936e+03 6.466313713463023305e+03 6.498021913500107075e+03 6.512427900452166796e+03 6.619293807307258248e+03 6.908405786768094913e+03 6.982484905076783434e+03 7.212660617174292383e+03 7.679703630033607624e+03 8.058239905309679671e+03 8.365067569925837233e+03 8.604350465395713400e+03 8.776397997280582786e+03 9.103792900120421109e+03 9.416084951953962445e+03 9.625673080730835864e+03 1.006152682239189744e+04 1.016650597913408092e+04 1.045382785461438289e+04 1.050995986562678445e+04 1.081250961032157647e+04 1.101986795621748388e+04 1.122392347897402942e+04 1.135648280614987016e+04 1.212496982770971954e+04 1.223214626108853736e+04 1.279218280087082894e+04 1.300540940825890357e+04 1.310732540956870980e+04 1.311836121021769941e+04 1.354695138707469778e+04 1.391699876425666116e+04 1.410054521295741142e+04 1.442071118157093588e+04 1.444003092074658161e+04 1.450682138674892485e+04 1.460535236349554361e+04 1.483372573307937091e+04 1.492137207144154308e+04 1.497339362872488891e+04 1.510445817243908095e+04 1.623110092501856343e+04 1.659644293335458497e+04 1.671510414187441347e+04 1.680909143932109873e+04 1.681271645356900990e+04 1.685975484589880580e+04 1.699291227241887827e+04 1.746796623595712299e+04 1.753646720480957447e+04 1.769427892868407071e+04 1.792294756643295113e+04 1.804230968818626570e+04 1.844762222106982517e+04 1.877345429937136214e+04 1.901935674086881045e+04 1.924220417102443025e+04 1.926744427764788270e+04 1.927505887820760836e+04 1.961302073580898650e+04 1.962982114637270570e+04 1.990333067042550465e+04 1.991503535894091692e+04 1.996575279827522900e+04 2.014217801042832434e+04 2.058699083055765004e+04 2.099743645462608401e+04 2.110034335808067772e+04 2.188773648824440897e+04 2.195083113075938672e+04 2.203229101421263476e+04 2.212226881505248457e+04 2.238925364537307541e+04 2.246292120930433884e+04 2.259533139581263094e+04 2.261086409234724124e+04 2.267145148556771164e+04 2.268860777547347243e+04 2.272761521161074779e+04 2.273444185174075028e+04 2.295196411887597060e+04 2.298306669108569622e+04 2.322522280155681074e+04 2.327463189399176190e+04 2.364099905271418902e+04 2.367983131854218664e+04 2.368264554054951441e+04 2.371228476428533395e+04 2.407110712374560535e+04 2.412206424049914131e+04
2.728970579793084426e+02 2.523222733580748809e+02 8.447477594017982483e+01 0.000000000000000000e+00 4.294178562676897855e+02 6.220510986167937517e+02 6.305919032725244051e+02 6.557862680866330720e+02 9.552176521722885809e+02 1.005724730202928185e+03 1.295755518367514014e+03 1.337598385571647214e+03 1.441923379109672624e+03 1.721394723257663372e+03 1.801499126159449133e+03 1.998697340530338806e+03 2.029446039618828308e+03 2.074867545161396265e+03 2.388995874207466841e+03 2.458775349897374781e+03 2.469860621167403679e+03 2.533889421985018089e+03 2.537914689496945357e+03 2.864298955439498968e+03 3.758372378201960601e+03 4.017464455682784319e+03 4.151820363262762839e+03 4.166406067192448972e+03 4.168599460706180253e+03 4.404129175914359621e+03 4.459782257377098176e+03 4.474457108881324530e+03 4.568226605659077904e+03 4.614558747538769239e+03 4.681533446492797339e+03 4.840692417197264149e+03 4.878188818466707744e+03 4.949704419405091357e+03 4.974538239759351200e+03 5.114520520645834040e+03 5.850882863147521675e+03 6.304463994456455112e+03 6.381838937522843480e+03 6.413547137559927251e+03 6.427953124511986971e+03 6.534819031367078424e+03 6.823931010827915088e+03 6.898010129136603609e+03 7.128185841234112559e+03 7.595228854093427799e+03 7.973765129369499846e+03 8.280592793985657408e+03 8.519875689455533575e+03 8.691923221340402961e+03 9.019318124180241284e+03 9.331610176013782620e+03 9.541198304790656039e+03 9.977052046451717615e+03 1.008203120319390109e+04 1.036935307867420306e+04 1.042548508968660462e+04 1.072803483438139665e+04 1.093539318027730405e+04 1.113944870303384960e+04 1.127200803020969033e+04 1.204049505176953971e+04 1.214767148514835753e+04 1.270770802493064912e+04 1.292093463231872374e+04 1.302285063362852998e+04 1.303388643427751958e+04 1.346247661113451795e+04 1.383252398831648134e+04 1.401607043701723160e+04 1.433623640563075605e+04 1.435555614480640179e+04 1.442234661080874503e+04 1.452087758755536379e+04 1.474925095713919109e+04 1.483689729550136326e+04 1.488891885278470909e+04 1.501998339649890113e+04 1.614662614907838361e+04 1.651196815741440514e+04 1.663062936593423365e+04 1.672461666338091891e+04 1.672824167762883008e+04 1.677528006995862597e+04 1.690843749647869845e+04 1.738349146001694317e+04 1.745199242886939464e+04 1.760980415274389088e+04 1.783847279049277131e+04 1.795783491224608588e+04 1.836314744512964535e+04 1.868897952343118232e+04 1.893488196492863062e+04 1.915772939508425043e+04 1.918296950170770288e+04 1.919058410226742853e+04 1.952854595986880668e+04 1.954534637043252587e+04 1.981885589448532482e+04 1.983056058300073710e+04 1.988127802233504917e+04 2.005770323448814452e+04 2.050251605461747022e+04 2.091296167868590419e+04 2.101586858214049789e+04 2.180326171230422915e+04 2.186635635481920690e+04 2.194781623827245494e+04 2.203779403911230474e+04 2.230477886943289559e+04 2.237844643336415902e+04 2.251085661987245112e+04 2.252638931640706141e+04 2.258697670962753182e+04 2.260413299953329260e+04 2.264314043567056797e+04 2.264996707580057046e+04 2.286748934293579077e+04 2.289859191514551640e+04 2.314074802561663091e+04 2.319015711805158207e+04 2.355652427677400919e+04 2.359535654260200681e+04 2.359817076460933458e+04 2.362780998834515412e+04 2.398663234780542552e+04 2.403758946455896148e+04
7.023149142469982280e+02 6.817401296257646663e+02 5.138926322078696103e+02 4.294178562676897855e+02 0.000000000000000000e+00 1.926332423491039663e+02 2.011740470048346197e+02 2.263684118189432866e+02 5.257997959045987955e+02 5.763068739352384000e+02 8.663376620998242288e+02 9.081805293039574281e+02 1.012505522841982838e+03 1.291976866989973587e+03 1.372081269891759348e+03 1.569279484262649021e+03 1.600028183351138523e+03 1.645449688893706480e+03 1.959578017939777055e+03 2.029357493629684996e+03 2.040442764899713893e+03 2.104471565717328303e+03 2.108496833229255571e+03 2.434881099171809183e+03 3.328954521934270815e+03 3.588046599415094533e+03 3.722402506995073054e+03 3.736988210924759187e+03 3.739181604438490467e+03 3.974711319646669835e+03 4.030364401109408391e+03 4.045039252613634744e+03 4.138808749391388119e+03 4.185140891271079454e+03 4.252115590225107553e+03 4.411274560929574363e+03 4.448770962199017958e+03 4.520286563137401572e+03 4.545120383491661414e+03 4.685102664378144254e+03 5.421465006879831890e+03 5.875046138188765326e+03 5.952421081255153695e+03 5.984129281292237465e+03 5.998535268244297185e+03 6.105401175099388638e+03 6.394513154560225303e+03 6.468592272868913824e+03 6.698767984966422773e+03 7.165810997825738013e+03 7.544347273101810060e+03 7.851174937717967623e+03 8.090457833187843789e+03 8.262505365072713175e+03 8.589900267912551499e+03 8.902192319746092835e+03 9.111780448522966253e+03 9.547634190184027830e+03 9.652613346926211307e+03 9.939935222406513276e+03 9.996067233418914839e+03 1.029861697811370686e+04 1.050597532400961427e+04 1.071003084676615981e+04 1.084259017394200055e+04 1.161107719550184993e+04 1.171825362888066775e+04 1.227829016866295933e+04 1.249151677605103396e+04 1.259343277736084019e+04 1.260446857800982980e+04 1.303305875486682817e+04 1.340310613204879155e+04 1.358665258074954181e+04 1.390681854936306627e+04 1.392613828853871200e+04 1.399292875454105524e+04 1.409145973128767400e+04 1.431983310087150130e+04 1.440747943923367347e+04 1.445950099651701930e+04 1.459056554023121134e+04 1.571720829281069382e+04 1.608255030114671536e+04 1.620121150966654386e+04 1.629519880711322912e+04 1.629882382136114029e+04 1.634586221369093619e+04 1.647901964021100866e+04 1.695407360374925338e+04 1.702257457260170486e+04 1.718038629647620110e+04 1.740905493422508152e+04 1.752841705597839609e+04 1.793372958886195556e+04 1.825956166716349253e+04 1.850546410866094084e+04 1.872831153881656064e+04 1.875355164544001309e+04 1.876116624599973875e+04 1.909912810360111689e+04 1.911592851416483609e+04 1.938943803821763504e+04 1.940114272673304731e+04 1.945186016606735939e+04 1.962828537822045473e+04 2.007309819834978043e+04 2.048354382241821440e+04 2.058645072587280811e+04 2.137384385603653936e+04 2.143693849855151711e+04 2.151839838200476515e+04 2.160837618284461496e+04 2.187536101316520580e+04 2.194902857709646923e+04 2.208143876360476133e+04 2.209697146013937163e+04 2.215755885335984203e+04 2.217471514326560282e+04 2.221372257940287818e+04 2.222054921953288067e+04 2.243807148666810099e+04 2.246917405887782661e+04 2.271133016934894113e+04 2.276073926178389229e+04 2.312710642050631941e+04 2.316593868633431703e+04 2.316875290834164480e+04 2.319839213207746434e+04 2.355721449153773574e+04 2.360817160829127170e+04
8.949481565961021943e+02 8.743733719748686326e+02 7.065258745569735765e+02 6.220510986167937517e+02 1.926332423491039663e+02 0.000000000000000000e+00 8.540804655730653394e+00 3.373516946983932030e+01 3.331665535554948292e+02 3.836736315861344337e+02 6.737044197507202625e+02 7.155472869548534618e+02 8.198722804928788719e+02 1.099343624640869621e+03 1.179448027542655382e+03 1.376646241913545055e+03 1.407394941002034557e+03 1.452816446544602513e+03 1.766944775590673089e+03 1.836724251280581029e+03 1.847809522550609927e+03 1.911838323368224337e+03 1.915863590880151605e+03 2.242247856822705216e+03 3.136321279585166849e+03 3.395413357065990567e+03 3.529769264645969088e+03 3.544354968575655221e+03 3.546548362089386501e+03 3.782078077297565869e+03 3.837731158760304425e+03 3.852406010264530778e+03 3.946175507042284153e+03 3.992507648921975488e+03 4.059482347876003587e+03 4.218641318580470397e+03 4.256137719849913992e+03 4.327653320788297606e+03 4.352487141142557448e+03 4.492469422029040288e+03 5.228831764530727924e+03 5.682412895839661360e+03 5.759787838906049728e+03 5.791496038943133499e+03 5.805902025895193219e+03 5.912767932750284672e+03 6.201879912211121336e+03 6.275959030519809858e+03 6.506134742617318807e+03 6.973177755476634047e+03 7.351714030752706094e+03 7.658541695368863657e+03 7.897824590838739823e+03 8.069872122723609209e+03 8.397267025563447532e+03 8.709559077396988869e+03 8.919147206173862287e+03 9.355000947834923863e+03 9.459980104577107340e+03 9.747301980057409310e+03 9.803433991069810872e+03 1.010598373576460290e+04 1.031334208166051030e+04 1.051739760441705585e+04 1.064995693159289658e+04 1.141844395315274596e+04 1.152562038653156378e+04 1.208565692631385537e+04 1.229888353370192999e+04 1.240079953501173622e+04 1.241183533566072583e+04 1.284042551251772420e+04 1.321047288969968758e+04 1.339401933840043785e+04 1.371418530701396230e+04 1.373350504618960804e+04 1.380029551219195127e+04 1.389882648893857004e+04 1.412719985852239734e+04 1.421484619688456951e+04 1.426686775416791534e+04 1.439793229788210738e+04 1.552457505046158985e+04 1.588991705879761139e+04 1.600857826731743990e+04 1.610256556476412516e+04 1.610619057901203632e+04 1.615322897134183222e+04 1.628638639786190470e+04 1.676144036140014941e+04 1.682994133025260089e+04 1.698775305412709713e+04 1.721642169187597756e+04 1.733578381362929213e+04 1.774109634651285160e+04 1.806692842481438856e+04 1.831283086631183687e+04 1.853567829646745668e+04 1.856091840309090912e+04 1.856853300365063478e+04 1.890649486125201292e+04 1.892329527181573212e+04 1.919680479586853107e+04 1.920850948438394335e+04 1.925922692371825542e+04 1.943565213587135077e+04 1.988046495600067647e+04 2.029091058006911044e+04 2.039381748352370414e+04 2.118121061368743540e+04 2.124430525620241315e+04 2.132576513965566119e+04 2.141574294049551099e+04 2.168272777081610184e+04 2.175639533474736527e+04 2.188880552125565737e+04 2.190433821779026766e+04 2.196492561101073807e+04 2.198208190091649885e+04 2.202108933705377422e+04 2.202791597718377670e+04 2.224543824431899702e+04 2.227654081652872264e+04 2.251869692699983716e+04 2.256810601943478832e+04 2.293447317815721544e+04 2.297330544398521306e+04 2.297611966599254083e+04 2.300575888972836037e+04 2.336458124918863177e+04 2.341553836594216773e+04
9.034889612518328477e+02 8.829141766305992860e+02 7.150666792127042299e+02 6.305919032725244051e+02 2.011740470048346197e+02 8.540804655730653394e+00 0.000000000000000000e+00 2.519436481410866691e+01 3.246257488997641758e+02 3.751328269304037804e+02 6.651636150949896091e+02 7.070064822991228084e+02 8.113314758371482185e+02 1.090802819985138967e+03 1.170907222886924728e+03 1.368105437257814401e+03 1.398854136346303903e+03 1.444275641888871860e+03 1.758403970934942436e+03 1.828183446624850376e+03 1.839268717894879273e+03 1.903297518712493684e+03 1.907322786224420952e+03 2.233707052166974790e+03 3.127780474929436423e+03 3.386872552410260141e+03 3.521228459990238662e+03 3.535814163919924795e+03 3.538007557433656075e+03 3.773537272641835443e+03 3.829190354104573998e+03 3.843865205608800352e+03 3.937634702386553727e+03 3.983966844266245062e+03 4.050941543220273161e+03 4.210100513924739971e+03 4.247596915194183566e+03 4.319112516132567180e+03 4.343946336486827022e+03 4.483928617373309862e+03 5.220290959874997498e+03 5.673872091183930934e+03 5.751247034250319302e+03 5.782955234287403073e+03 5.797361221239462793e+03 5.904227128094554246e+03 6.193339107555390910e+03 6.267418225864079432e+03 6.497593937961588381e+03 6.964636950820903621e+03 7.343173226096975668e+03 7.650000890713133231e+03 7.889283786183009397e+03 8.061331318067878783e+03 8.388726220907716197e+03 8.701018272741257533e+03 8.910606401518130951e+03 9.346460143179192528e+03 9.451439299921376005e+03 9.738761175401677974e+03 9.794893186414079537e+03 1.009744293110887156e+04 1.030480127700477897e+04 1.050885679976132451e+04 1.064141612693716525e+04 1.140990314849701463e+04 1.151707958187583245e+04 1.207711612165812403e+04 1.229034272904619866e+04 1.239225873035600489e+04 1.240329453100499450e+04 1.283188470786199287e+04 1.320193208504395625e+04 1.338547853374470651e+04 1.370564450235823097e+04 1.372496424153387670e+04 1.379175470753621994e+04 1.389028568428283870e+04 1.411865905386666600e+04 1.420630539222883817e+04 1.425832694951218400e+04 1.438939149322637604e+04 1.551603424580585852e+04 1.588137625414188005e+04 1.600003746266170856e+04 1.609402476010839382e+04 1.609764977435630499e+04 1.614468816668610089e+04 1.627784559320617336e+04 1.675289955674441808e+04 1.682140052559686956e+04 1.697921224947136579e+04 1.720788088722024622e+04 1.732724300897356079e+04 1.773255554185712026e+04 1.805838762015865723e+04 1.830429006165610554e+04 1.852713749181172534e+04 1.855237759843517779e+04 1.855999219899490345e+04 1.889795405659628159e+04 1.891475446716000079e+04 1.918826399121279974e+04 1.919996867972821201e+04 1.925068611906252409e+04 1.942711133121561943e+04 1.987192415134494513e+04 2.028236977541337910e+04 2.038527667886797281e+04 2.117266980903170406e+04 2.123576445154668181e+04 2.131722433499992985e+04 2.140720213583977966e+04 2.167418696616037050e+04 2.174785453009163393e+04 2.188026471659992603e+04 2.189579741313453633e+04 2.195638480635500673e+04 2.197354109626076752e+04 2.201254853239804288e+04 2.201937517252804537e+04 2.223689743966326569e+04 2.226800001187299131e+04 2.251015612234410582e+04 2.255956521477905699e+04 2.292593237350148411e+04 2.296476463932948172e+04 2.296757886133680950e+04 2.299721808507262904e+04 2.335604044453290044e+04 2.340699756128643639e+04
9.286833260659415146e+02 9.081085414447079529e+02 7.402610440268128968e+02 6.557862680866330720e+02 2.263684118189432866e+02 3.373516946983932030e+01 2.519436481410866691e+01 0.000000000000000000e+00 2.994313840856555089e+02 3.499384621162951134e+02 6.399692502808809422e+02 6.818121174850141415e+02 7.861371110230395516e+02 1.065608455171030300e+03 1.145712858072816061e+03 1.342911072443705734e+03 1.373659771532195236e+03 1.419081277074763193e+03 1.733209606120833769e+03 1.802989081810741709e+03 1.814074353080770607e+03 1.878103153898385017e+03 1.882128421410312285e+03 2.208512687352866124e+03 3.102586110115327756e+03 3.361678187596151474e+03 3.496034095176129995e+03 3.510619799105816128e+03 3.512813192619547408e+03 3.748342907827726776e+03 3.803995989290465332e+03 3.818670840794691685e+03 3.912440337572445060e+03 3.958772479452136395e+03 4.025747178406164494e+03 4.184906149110631304e+03 4.222402550380074899e+03 4.293918151318458513e+03 4.318751971672718355e+03 4.458734252559201195e+03 5.195096595060888831e+03 5.648677726369822267e+03 5.726052669436210635e+03 5.757760869473294406e+03 5.772166856425354126e+03 5.879032763280445579e+03 6.168144742741282244e+03 6.242223861049970765e+03 6.472399573147479714e+03 6.939442586006794954e+03 7.317978861282867001e+03 7.624806525899024564e+03 7.864089421368900730e+03 8.036136953253770116e+03 8.363531856093608440e+03 8.675823907927149776e+03 8.885412036704023194e+03 9.321265778365084770e+03 9.426244935107268248e+03 9.713566810587570217e+03 9.769698821599971780e+03 1.007224856629476380e+04 1.027960691219067121e+04 1.048366243494721675e+04 1.061622176212305749e+04 1.138470878368290687e+04 1.149188521706172469e+04 1.205192175684401627e+04 1.226514836423209090e+04 1.236706436554189713e+04 1.237810016619088674e+04 1.280669034304788511e+04 1.317673772022984849e+04 1.336028416893059875e+04 1.368045013754412321e+04 1.369976987671976894e+04 1.376656034272211218e+04 1.386509131946873094e+04 1.409346468905255824e+04 1.418111102741473042e+04 1.423313258469807624e+04 1.436419712841226828e+04 1.549083988099175076e+04 1.585618188932777230e+04 1.597484309784760080e+04 1.606883039529428606e+04 1.607245540954219723e+04 1.611949380187199313e+04 1.625265122839206560e+04 1.672770519193030850e+04 1.679620616078275998e+04 1.695401788465725622e+04 1.718268652240613665e+04 1.730204864415945121e+04 1.770736117704301068e+04 1.803319325534454765e+04 1.827909569684199596e+04 1.850194312699761576e+04 1.852718323362106821e+04 1.853479783418079387e+04 1.887275969178217201e+04 1.888956010234589121e+04 1.916306962639869016e+04 1.917477431491410243e+04 1.922549175424841451e+04 1.940191696640150985e+04 1.984672978653083555e+04 2.025717541059926953e+04 2.036008231405386323e+04 2.114747544421759449e+04 2.121057008673257224e+04 2.129202997018582028e+04 2.138200777102567008e+04 2.164899260134626093e+04 2.172266016527752436e+04 2.185507035178581646e+04 2.187060304832042675e+04 2.193119044154089715e+04 2.194834673144665794e+04 2.198735416758393330e+04 2.199418080771393579e+04 2.221170307484915611e+04 2.224280564705888173e+04 2.248496175752999625e+04 2.253437084996494741e+04 2.290073800868737453e+04 2.293957027451537215e+04 2.294238449652269992e+04 2.297202372025851946e+04 2.333084607971879086e+04 2.338180319647232682e+04
1.228114710151597137e+03 1.207539925530363462e+03 1.039692428112468406e+03 9.552176521722885809e+02 5.257997959045987955e+02 3.331665535554948292e+02 3.246257488997641758e+02 2.994313840856555089e+02 0.000000000000000000e+00 5.050707803063960455e+01 3.405378661952254333e+02 3.823807333993586326e+02 4.867057269373840427e+02 7.661770710853747914e+02 8.462814739871605525e+02 1.043479688358050225e+03 1.074228387446539728e+03 1.119649892989107684e+03 1.433778222035178260e+03 1.503557697725086200e+03 1.514642968995115098e+03 1.578671769812729508e+03 1.582697037324656776e+03 1.909081303267210387e+03 2.803154726029672020e+03 3.062246803510495738e+03 3.196602711090474259e+03 3.211188415020160392e+03 3.213381808533891672e+03 3.448911523742071040e+03 3.504564605204809595e+03 3.519239456709035949e+03 3.613008953486789324e+03 3.659341095366480658e+03 3.726315794320508758e+03 3.885474765024975568e+03 3.922971166294419163e+03 3.994486767232802777e+03 4.019320587587062619e+03 4.159302868473545459e+03 4.895665210975233094e+03 5.349246342284166531e+03 5.426621285350554899e+03 5.458329485387638670e+03 5.472735472339698390e+03 5.579601379194789843e+03 5.868713358655626507e+03 5.942792476964315028e+03 6.172968189061823978e+03 6.640011201921139218e+03 7.018547477197211265e+03 7.325375141813368828e+03 7.564658037283244994e+03 7.736705569168114380e+03 8.064100472007952703e+03 8.376392523841494040e+03 8.585980652618367458e+03 9.021834394279429034e+03 9.126813551021612511e+03 9.414135426501914480e+03 9.470267437514316043e+03 9.772817182209108068e+03 9.980175528105015474e+03 1.018423105086156102e+04 1.031679037803740175e+04 1.108527739959725113e+04 1.119245383297606895e+04 1.175249037275836054e+04 1.196571698014643516e+04 1.206763298145624140e+04 1.207866878210523100e+04 1.250725895896222937e+04 1.287730633614419276e+04 1.306085278484494302e+04 1.338101875345846747e+04 1.340033849263411321e+04 1.346712895863645645e+04 1.356565993538307521e+04 1.379403330496690251e+04 1.388167964332907468e+04 1.393370120061242051e+04 1.406476574432661255e+04 1.519140849690609502e+04 1.555675050524211656e+04 1.567541171376194507e+04 1.576939901120863033e+04 1.577302402545654149e+04 1.582006241778633739e+04 1.595321984430640987e+04 1.642827380784465640e+04 1.649677477669710788e+04 1.665458650057160412e+04 1.688325513832048455e+04 1.700261726007379912e+04 1.740792979295735859e+04 1.773376187125889555e+04 1.797966431275634386e+04 1.820251174291196367e+04 1.822775184953541611e+04 1.823536645009514177e+04 1.857332830769651628e+04 1.859012871826023911e+04 1.886363824231303443e+04 1.887534293082844670e+04 1.892606037016276241e+04 1.910248558231585776e+04 1.954729840244517982e+04 1.995774402651361743e+04 2.006065092996820749e+04 2.084804406013194239e+04 2.091113870264691650e+04 2.099259858610016818e+04 2.108257638694001798e+04 2.134956121726060519e+04 2.142322878119187226e+04 2.155563896770016436e+04 2.157117166423477465e+04 2.163175905745524506e+04 2.164891534736100584e+04 2.168792278349828121e+04 2.169474942362828006e+04 2.191227169076350401e+04 2.194337426297322963e+04 2.218553037344434415e+04 2.223493946587929531e+04 2.260130662460171880e+04 2.264013889042972005e+04 2.264295311243704782e+04 2.267259233617286372e+04 2.303141469563313876e+04 2.308237181238667108e+04
1.278621788182236742e+03 1.258047003561003066e+03 1.090199506143108010e+03 1.005724730202928185e+03 5.763068739352384000e+02 3.836736315861344337e+02 3.751328269304037804e+02 3.499384621162951134e+02 5.050707803063960455e+01 0.000000000000000000e+00 2.900307881645858288e+02 3.318736553687190280e+02 4.361986489067444381e+02 7.156699930547351869e+02 7.957743959565209479e+02 9.929726103274106208e+02 1.023721309415900123e+03 1.069142814958468080e+03 1.383271144004538655e+03 1.453050619694446596e+03 1.464135890964475493e+03 1.528164691782089903e+03 1.532189959294017171e+03 1.858574225236570783e+03 2.752647647999032415e+03 3.011739725479856133e+03 3.146095633059834654e+03 3.160681336989520787e+03 3.162874730503252067e+03 3.398404445711431435e+03 3.454057527174169991e+03 3.468732378678396344e+03 3.562501875456149719e+03 3.608834017335841054e+03 3.675808716289869153e+03 3.834967686994335963e+03 3.872464088263779558e+03 3.943979689202163172e+03 3.968813509556423014e+03 4.108795790442905854e+03 4.845158132944593490e+03 5.298739264253526926e+03 5.376114207319915295e+03 5.407822407356999065e+03 5.422228394309058785e+03 5.529094301164150238e+03 5.818206280624986903e+03 5.892285398933675424e+03 6.122461111031184373e+03 6.589504123890499613e+03 6.968040399166571660e+03 7.274868063782729223e+03 7.514150959252605389e+03 7.686198491137474775e+03 8.013593393977313099e+03 8.325885445810854435e+03 8.535473574587727853e+03 8.971327316248789430e+03 9.076306472990972907e+03 9.363628348471274876e+03 9.419760359483676439e+03 9.722310104178468464e+03 9.929668450074375869e+03 1.013372397283092141e+04 1.026628330000676215e+04 1.103477032156661153e+04 1.114194675494542935e+04 1.170198329472772093e+04 1.191520990211579556e+04 1.201712590342560179e+04 1.202816170407459140e+04 1.245675188093158977e+04 1.282679925811355315e+04 1.301034570681430341e+04 1.333051167542782787e+04 1.334983141460347360e+04 1.341662188060581684e+04 1.351515285735243560e+04 1.374352622693626290e+04 1.383117256529843507e+04 1.388319412258178090e+04 1.401425866629597294e+04 1.514090141887545542e+04 1.550624342721147696e+04 1.562490463573130546e+04 1.571889193317799072e+04 1.572251694742590189e+04 1.576955533975569779e+04 1.590271276627577026e+04 1.637776672981401498e+04 1.644626769866646646e+04 1.660407942254096270e+04 1.683274806028984312e+04 1.695211018204315769e+04 1.735742271492671716e+04 1.768325479322825413e+04 1.792915723472570244e+04 1.815200466488132224e+04 1.817724477150477469e+04 1.818485937206450035e+04 1.852282122966587849e+04 1.853962164022959769e+04 1.881313116428239664e+04 1.882483585279780891e+04 1.887555329213212099e+04 1.905197850428521633e+04 1.949679132441454203e+04 1.990723694848297600e+04 2.001014385193756971e+04 2.079753698210130096e+04 2.086063162461627871e+04 2.094209150806952675e+04 2.103206930890937656e+04 2.129905413922996740e+04 2.137272170316123083e+04 2.150513188966952293e+04 2.152066458620413323e+04 2.158125197942460363e+04 2.159840826933036442e+04 2.163741570546763978e+04 2.164424234559764227e+04 2.186176461273286259e+04 2.189286718494258821e+04 2.213502329541370273e+04 2.218443238784865389e+04 2.255079954657108101e+04 2.258963181239907863e+04 2.259244603440640640e+04 2.262208525814222594e+04 2.298090761760249734e+04 2.303186473435603330e+04
1.568652576346822570e+03 1.548077791725588895e+03 1.380230294307693839e+03 1.295755518367514014e+03 8.663376620998242288e+02 6.737044197507202625e+02 6.651636150949896091e+02 6.399692502808809422e+02 3.405378661952254333e+02 2.900307881645858288e+02 0.000000000000000000e+00 4.184286720413319927e+01 1.461678607421586094e+02 4.256392048901493581e+02 5.057436077919351192e+02 7.029418221628247920e+02 7.336905212513142942e+02 7.791120267938822508e+02 1.093240355839952826e+03 1.163019831529860767e+03 1.174105102799889664e+03 1.238133903617504075e+03 1.242159171129431343e+03 1.568543437071984954e+03 2.462616859834446586e+03 2.721708937315270305e+03 2.856064844895248825e+03 2.870650548824934958e+03 2.872843942338666238e+03 3.108373657546845607e+03 3.164026739009584162e+03 3.178701590513810515e+03 3.272471087291563890e+03 3.318803229171255225e+03 3.385777928125283324e+03 3.544936898829750135e+03 3.582433300099193730e+03 3.653948901037577343e+03 3.678782721391837185e+03 3.818765002278320026e+03 4.555127344780007661e+03 5.008708476088941097e+03 5.086083419155329466e+03 5.117791619192413236e+03 5.132197606144472957e+03 5.239063512999564409e+03 5.528175492460401074e+03 5.602254610769089595e+03 5.832430322866598544e+03 6.299473335725913785e+03 6.678009611001985832e+03 6.984837275618143394e+03 7.224120171088019561e+03 7.396167702972888947e+03 7.723562605812727270e+03 8.035854657646268606e+03 8.245442786423142024e+03 8.681296528084203601e+03 8.786275684826387078e+03 9.073597560306689047e+03 9.129729571319090610e+03 9.432279316013882635e+03 9.639637661909790040e+03 9.843693184666335583e+03 9.976252511842176318e+03 1.074473953340202570e+04 1.085191596678084352e+04 1.141195250656313510e+04 1.162517911395120973e+04 1.172709511526101596e+04 1.173813091591000557e+04 1.216672109276700394e+04 1.253676846994896732e+04 1.272031491864971758e+04 1.304048088726324204e+04 1.305980062643888778e+04 1.312659109244123101e+04 1.322512206918784977e+04 1.345349543877167707e+04 1.354114177713384925e+04 1.359316333441719507e+04 1.372422787813138711e+04 1.485087063071086959e+04 1.521621263904689113e+04 1.533487384756671963e+04 1.542886114501340489e+04 1.543248615926131606e+04 1.547952455159111196e+04 1.561268197811118443e+04 1.608773594164942915e+04 1.615623691050188063e+04 1.631404863437637687e+04 1.654271727212525730e+04 1.666207939387857186e+04 1.706739192676213133e+04 1.739322400506366830e+04 1.763912644656111661e+04 1.786197387671673641e+04 1.788721398334018886e+04 1.789482858389991452e+04 1.823279044150129266e+04 1.824959085206501186e+04 1.852310037611781081e+04 1.853480506463322308e+04 1.858552250396753516e+04 1.876194771612063050e+04 1.920676053624995620e+04 1.961720616031839018e+04 1.972011306377298388e+04 2.050750619393671514e+04 2.057060083645169289e+04 2.065206071990494092e+04 2.074203852074479073e+04 2.100902335106538158e+04 2.108269091499664501e+04 2.121510110150493711e+04 2.123063379803954740e+04 2.129122119126001780e+04 2.130837748116577859e+04 2.134738491730305395e+04 2.135421155743305644e+04 2.157173382456827676e+04 2.160283639677800238e+04 2.184499250724911690e+04 2.189440159968406806e+04 2.226076875840649518e+04 2.229960102423449280e+04 2.230241524624182057e+04 2.233205446997764011e+04 2.269087682943791151e+04 2.274183394619144747e+04
1.610495443550955770e+03 1.589920658929722094e+03 1.422073161511827038e+03 1.337598385571647214e+03 9.081805293039574281e+02 7.155472869548534618e+02 7.070064822991228084e+02 6.818121174850141415e+02 3.823807333993586326e+02 3.318736553687190280e+02 4.184286720413319927e+01 0.000000000000000000e+00 1.043249935380254101e+02 3.837963376860161588e+02 4.639007405878019199e+02 6.610989549586915928e+02 6.918476540471810949e+02 7.372691595897490515e+02 1.051397488635819627e+03 1.121176964325727567e+03 1.132262235595756465e+03 1.196291036413370875e+03 1.200316303925298143e+03 1.526700569867851755e+03 2.420773992630313387e+03 2.679866070111137105e+03 2.814221977691115626e+03 2.828807681620801759e+03 2.831001075134533039e+03 3.066530790342712407e+03 3.122183871805450963e+03 3.136858723309677316e+03 3.230628220087430691e+03 3.276960361967122026e+03 3.343935060921150125e+03 3.503094031625616935e+03 3.540590432895060530e+03 3.612106033833444144e+03 3.636939854187703986e+03 3.776922135074186826e+03 4.513284477575874917e+03 4.966865608884807443e+03 5.044240551951195812e+03 5.075948751988280492e+03 5.090354738940339303e+03 5.197220645795430755e+03 5.486332625256267420e+03 5.560411743564956851e+03 5.790587455662465800e+03 6.257630468521780131e+03 6.636166743797852178e+03 6.942994408414009740e+03 7.182277303883885907e+03 7.354324835768755293e+03 7.681719738608593616e+03 7.994011790442134952e+03 8.203599919219008370e+03 8.639453660880069947e+03 8.744432817622253424e+03 9.031754693102555393e+03 9.087886704114956956e+03 9.390436448809748981e+03 9.597794794705656386e+03 9.801850317462201929e+03 9.934409644638042664e+03 1.070289666619789205e+04 1.081007309957670986e+04 1.137010963935900145e+04 1.158333624674707607e+04 1.168525224805688231e+04 1.169628804870587192e+04 1.212487822556287028e+04 1.249492560274483367e+04 1.267847205144558393e+04 1.299863802005910838e+04 1.301795775923475412e+04 1.308474822523709736e+04 1.318327920198371612e+04 1.341165257156754342e+04 1.349929890992971559e+04 1.355132046721306142e+04 1.368238501092725346e+04 1.480902776350673594e+04 1.517436977184275747e+04 1.529303098036258598e+04 1.538701827780927124e+04 1.539064329205718241e+04 1.543768168438697830e+04 1.557083911090705078e+04 1.604589307444529550e+04 1.611439404329774698e+04 1.627220576717224321e+04 1.650087440492112364e+04 1.662023652667443821e+04 1.702554905955799768e+04 1.735138113785953465e+04 1.759728357935698295e+04 1.782013100951260276e+04 1.784537111613605521e+04 1.785298571669578087e+04 1.819094757429715901e+04 1.820774798486087820e+04 1.848125750891367716e+04 1.849296219742908943e+04 1.854367963676340150e+04 1.872010484891649685e+04 1.916491766904582255e+04 1.957536329311425652e+04 1.967827019656885022e+04 2.046566332673258148e+04 2.052875796924755923e+04 2.061021785270080727e+04 2.070019565354065708e+04 2.096718048386124792e+04 2.104084804779251135e+04 2.117325823430080345e+04 2.118879093083541375e+04 2.124937832405588415e+04 2.126653461396164494e+04 2.130554205009892030e+04 2.131236869022892279e+04 2.152989095736414311e+04 2.156099352957386873e+04 2.180314964004498324e+04 2.185255873247993441e+04 2.221892589120236153e+04 2.225775815703035914e+04 2.226057237903768691e+04 2.229021160277350646e+04 2.264903396223377786e+04 2.269999107898731381e+04
